35 1 106 
35 1 143 
35 1 178 
35 1 213 
35 1 248 
35 1 283 
35 1 318 
35 1 353 
35 1 388 
35 1 423 
35 1 456 
35 1 491 
35 1 34 
35 1 34 
35 1 34 
35 1 34 
35 1 34 
35 1 34 
35 1 34 
35 1 34 
35 1 34 
35 1 34 
35 1 34 
35 1 34 
35 1 34 
35 1 34 
35 1 34 
35 1 34 
35 1 475 
35 1 510 
35 1 545 
35 1 580 
35 1 615 
35 1 650 
35 1 685 
35 1 684 
35 1 34 
35 1 106 
35 1 143 
35 1 178 
35 1 213 
35 1 248 
35 1 283 
35 1 318 
35 1 353 
35 1 388 
35 1 423 
35 1 456 
35 1 491 
35 1 34 
35 1 34 
35 1 34 
35 1 34 
35 1 34 
35 1 34 
35 1 34 
35 1 34 
35 1 34 
35 1 34 
35 1 34 
35 1 34 
35 1 34 
35 1 34 
35 1 34 
35 1 34 
35 1 511 
35 1 546 
35 1 581 
35 1 616 
35 1 651 
35 1 650 
35 1 685 
35 1 684 
35 1 34 
35 1 106 
35 1 143 
35 1 178 
35 1 213 
35 1 248 
35 1 283 
35 1 318 
35 1 353 
35 1 388 
35 1 423 
35 1 456 
35 1 491 
35 1 34 
35 1 34 
35 1 34 
35 1 34 
35 1 34 
35 1 34 
35 1 34 
35 1 34 
35 1 34 
35 1 34 
35 1 34 
35 1 34 
35 1 34 
35 1 34 
35 1 34 
35 1 34 
35 1 511 
35 1 546 
35 1 581 
35 1 616 
35 1 651 
35 1 650 
35 1 685 
35 1 684 
35 1 34 
35 1 106 
35 1 143 
35 1 178 
35 1 213 
35 1 248 
35 1 283 
35 1 318 
35 1 353 
35 1 388 
35 1 423 
35 1 456 
35 1 491 
35 1 34 
35 1 34 
35 1 34 
35 1 34 
35 1 34 
35 1 34 
35 1 34 
35 1 34 
35 1 34 
35 1 34 
35 1 34 
35 1 34 
35 1 34 
35 1 34 
35 1 34 
35 1 34 
35 1 475 
35 1 510 
35 1 545 
35 1 580 
35 1 615 
35 1 650 
35 1 685 
35 1 684 
35 1 34 
35 1 106 
35 1 143 
35 1 178 
35 1 213 
35 1 248 
35 1 283 
35 1 318 
35 1 353 
35 1 388 
35 1 423 
35 1 456 
35 1 491 
35 1 34 
35 1 34 
35 1 34 
35 1 34 
35 1 34 
35 1 34 
35 1 34 
35 1 34 
35 1 34 
35 1 34 
35 1 34 
35 1 34 
35 1 34 
35 1 34 
35 1 34 
35 1 34 
35 1 511 
35 1 546 
35 1 581 
35 1 616 
35 1 651 
35 1 650 
35 1 685 
35 1 684 
35 1 34 
35 1 106 
35 1 143 
35 1 178 
35 1 213 
35 1 248 
35 1 283 
35 1 318 
35 1 353 
35 1 388 
35 1 423 
35 1 456 
35 1 491 
35 1 34 
35 1 34 
35 1 34 
35 1 34 
35 1 34 
35 1 34 
35 1 34 
35 1 34 
35 1 34 
35 1 34 
35 1 34 
35 1 34 
35 1 34 
35 1 34 
35 1 34 
35 1 34 
35 1 475 
35 1 510 
35 1 545 
35 1 580 
35 1 615 
35 1 650 
35 1 685 
35 1 684 
35 1 34 
35 1 106 
35 1 143 
35 1 178 
35 1 213 
35 1 248 
35 1 283 
35 1 318 
35 1 353 
35 1 388 
35 1 423 
35 1 456 
35 1 491 
35 1 34 
35 1 34 
35 1 34 
35 1 34 
35 1 34 
35 1 34 
35 1 34 
35 1 34 
35 1 34 
35 1 34 
35 1 34 
35 1 34 
35 1 34 
35 1 34 
35 1 34 
35 1 34 
35 1 475 
35 1 510 
35 1 545 
35 1 580 
35 1 615 
35 1 650 
35 1 685 
35 1 684 
35 1 34 
35 1 106 
35 1 143 
35 1 178 
35 1 213 
35 1 248 
35 1 283 
35 1 318 
35 1 353 
35 1 388 
35 1 423 
35 1 456 
35 1 491 
35 1 34 
35 1 34 
35 1 34 
35 1 34 
35 1 34 
35 1 34 
35 1 34 
35 1 34 
35 1 34 
35 1 34 
35 1 34 
35 1 34 
35 1 34 
35 1 34 
35 1 34 
35 1 34 
35 1 475 
35 1 510 
35 1 545 
35 1 580 
35 1 615 
35 1 650 
35 1 685 
35 1 684 
35 1 34 
35 1 106 
35 1 143 
35 1 178 
35 1 213 
35 1 248 
35 1 283 
35 1 318 
35 1 353 
35 1 388 
35 1 423 
35 1 456 
35 1 491 
35 1 34 
35 1 34 
35 1 34 
35 1 34 
35 1 34 
35 1 34 
35 1 34 
35 1 34 
35 1 34 
35 1 34 
35 1 34 
35 1 34 
35 1 34 
35 1 34 
35 1 34 
35 1 34 
35 1 475 
35 1 510 
35 1 545 
35 1 580 
35 1 615 
35 1 650 
35 1 685 
35 1 684 
35 1 34 
35 1 106 
35 1 143 
35 1 178 
35 1 213 
35 1 248 
35 1 283 
35 1 318 
35 1 353 
35 1 388 
35 1 423 
35 1 456 
35 1 491 
35 1 34 
35 1 34 
35 1 34 
35 1 34 
35 1 34 
35 1 34 
35 1 34 
35 1 34 
35 1 34 
35 1 34 
35 1 34 
35 1 34 
35 1 34 
35 1 34 
35 1 34 
35 1 34 
35 1 511 
35 1 546 
35 1 581 
35 1 616 
35 1 651 
35 1 650 
35 1 685 
35 1 684 
35 1 34 
35 1 106 
35 1 143 
35 1 178 
35 1 213 
35 1 248 
35 1 283 
35 1 318 
35 1 353 
35 1 388 
35 1 423 
35 1 456 
35 1 491 
35 1 34 
35 1 34 
35 1 34 
35 1 34 
35 1 34 
35 1 34 
35 1 34 
35 1 34 
35 1 34 
35 1 34 
35 1 34 
35 1 34 
35 1 34 
35 1 34 
35 1 34 
35 1 34 
35 1 511 
35 1 546 
35 1 581 
35 1 616 
35 1 651 
35 1 686 
35 1 685 
35 1 684 
35 1 34 
35 1 106 
35 1 143 
35 1 178 
35 1 213 
35 1 248 
35 1 283 
35 1 318 
35 1 353 
35 1 388 
35 1 423 
35 1 456 
35 1 491 
35 1 34 
35 1 34 
35 1 34 
35 1 34 
35 1 34 
35 1 34 
35 1 34 
35 1 34 
35 1 34 
35 1 34 
35 1 34 
35 1 34 
35 1 34 
35 1 34 
35 1 34 
35 1 34 
35 1 511 
35 1 546 
35 1 581 
35 1 616 
35 1 651 
35 1 650 
35 1 685 
35 1 684 
35 1 34 
35 1 106 
35 1 143 
35 1 178 
35 1 213 
35 1 248 
35 1 283 
35 1 318 
35 1 353 
35 1 388 
35 1 423 
35 1 456 
35 1 491 
35 1 34 
35 1 34 
35 1 34 
35 1 34 
35 1 34 
35 1 34 
35 1 34 
35 1 34 
35 1 34 
35 1 34 
35 1 34 
35 1 34 
35 1 34 
35 1 34 
35 1 34 
35 1 34 
35 1 511 
35 1 546 
35 1 581 
35 1 616 
35 1 651 
35 1 686 
35 1 685 
35 1 684 
35 1 34 
35 1 106 
35 1 143 
35 1 178 
35 1 213 
35 1 248 
35 1 283 
35 1 318 
35 1 353 
35 1 388 
35 1 423 
35 1 456 
35 1 491 
35 1 34 
35 1 34 
35 1 34 
35 1 34 
35 1 34 
35 1 34 
35 1 34 
35 1 34 
35 1 34 
35 1 34 
35 1 34 
35 1 34 
35 1 34 
35 1 34 
35 1 34 
35 1 34 
35 1 511 
35 1 546 
35 1 581 
35 1 616 
35 1 651 
35 1 650 
35 1 685 
35 1 684 
35 1 34 
35 1 106 
35 1 143 
35 1 178 
35 1 213 
35 1 248 
35 1 283 
35 1 318 
35 1 353 
35 1 388 
35 1 423 
35 1 456 
35 1 491 
35 1 34 
35 1 34 
35 1 34 
35 1 34 
35 1 34 
35 1 34 
35 1 34 
35 1 34 
35 1 34 
35 1 34 
35 1 34 
35 1 34 
35 1 34 
35 1 34 
35 1 34 
35 1 34 
35 1 511 
35 1 546 
35 1 581 
35 1 616 
35 1 651 
35 1 650 
35 1 685 
35 1 684 
35 1 34 
35 1 106 
35 1 143 
35 1 178 
35 1 213 
35 1 248 
35 1 283 
35 1 318 
35 1 353 
35 1 388 
35 1 423 
35 1 456 
35 1 491 
35 1 34 
35 1 34 
35 1 34 
35 1 34 
35 1 34 
35 1 34 
35 1 34 
35 1 34 
35 1 34 
35 1 34 
35 1 34 
35 1 34 
35 1 34 
35 1 34 
35 1 34 
35 1 34 
35 1 475 
35 1 510 
35 1 545 
35 1 580 
35 1 615 
35 1 650 
35 1 685 
35 1 684 
35 1 34 
35 1 106 
35 1 143 
35 1 178 
35 1 213 
35 1 248 
35 1 283 
35 1 318 
35 1 353 
35 1 388 
35 1 423 
35 1 456 
35 1 491 
35 1 34 
35 1 34 
35 1 34 
35 1 34 
35 1 34 
35 1 34 
35 1 34 
35 1 34 
35 1 34 
35 1 34 
35 1 34 
35 1 34 
35 1 34 
35 1 34 
35 1 34 
35 1 34 
35 1 511 
35 1 546 
35 1 581 
35 1 616 
35 1 651 
35 1 650 
35 1 685 
35 1 684 
35 1 34 
35 1 106 
35 1 143 
35 1 178 
35 1 213 
35 1 248 
35 1 283 
35 1 318 
35 1 353 
35 1 388 
35 1 423 
35 1 456 
35 1 491 
35 1 34 
35 1 34 
35 1 34 
35 1 34 
35 1 34 
35 1 34 
35 1 34 
35 1 34 
35 1 34 
35 1 34 
35 1 34 
35 1 34 
35 1 34 
35 1 34 
35 1 34 
35 1 34 
35 1 511 
35 1 546 
35 1 581 
35 1 616 
35 1 651 
35 1 650 
35 1 685 
35 1 684 
35 1 34 
35 1 105 
35 1 142 
35 1 177 
35 1 212 
35 1 247 
35 1 282 
35 1 317 
35 1 35 
35 1 35 
35 1 35 
35 1 35 
35 1 35 
35 1 35 
35 1 35 
35 1 35 
35 1 35 
35 1 35 
35 1 35 
35 1 35 
35 1 35 
35 1 35 
35 1 35 
35 1 35 
35 1 35 
35 1 35 
35 1 35 
35 1 35 
35 1 35 
35 1 35 
35 1 35 
35 1 365 
35 1 400 
35 1 435 
35 1 470 
35 1 505 
35 1 504 
35 1 35 
35 1 105 
35 1 142 
35 1 177 
35 1 212 
35 1 247 
35 1 282 
35 1 317 
35 1 35 
35 1 35 
35 1 35 
35 1 35 
35 1 35 
35 1 35 
35 1 35 
35 1 35 
35 1 35 
35 1 35 
35 1 35 
35 1 35 
35 1 35 
35 1 35 
35 1 35 
35 1 35 
35 1 35 
35 1 35 
35 1 35 
35 1 35 
35 1 35 
35 1 35 
35 1 35 
35 1 365 
35 1 400 
35 1 435 
35 1 470 
35 1 505 
35 1 504 
35 1 35 
35 1 105 
35 1 142 
35 1 177 
35 1 212 
35 1 247 
35 1 282 
35 1 317 
35 1 35 
35 1 35 
35 1 35 
35 1 35 
35 1 35 
35 1 35 
35 1 35 
35 1 35 
35 1 35 
35 1 35 
35 1 35 
35 1 35 
35 1 35 
35 1 35 
35 1 35 
35 1 35 
35 1 35 
35 1 35 
35 1 35 
35 1 35 
35 1 35 
35 1 35 
35 1 35 
35 1 365 
35 1 400 
35 1 435 
35 1 470 
35 1 505 
35 1 504 
35 1 35 
35 1 105 
35 1 142 
35 1 177 
35 1 212 
35 1 247 
35 1 282 
35 1 317 
35 1 35 
35 1 35 
35 1 35 
35 1 35 
35 1 35 
35 1 35 
35 1 35 
35 1 35 
35 1 35 
35 1 35 
35 1 35 
35 1 35 
35 1 35 
35 1 35 
35 1 35 
35 1 35 
35 1 35 
35 1 35 
35 1 35 
35 1 35 
35 1 35 
35 1 35 
35 1 35 
35 1 365 
35 1 400 
35 1 435 
35 1 470 
35 1 505 
35 1 504 
35 1 35 
35 1 105 
35 1 142 
35 1 177 
35 1 212 
35 1 247 
35 1 282 
35 1 317 
35 1 35 
35 1 35 
35 1 35 
35 1 35 
35 1 35 
35 1 35 
35 1 35 
35 1 35 
35 1 35 
35 1 35 
35 1 35 
35 1 35 
35 1 35 
35 1 35 
35 1 35 
35 1 35 
35 1 35 
35 1 35 
35 1 35 
35 1 35 
35 1 35 
35 1 35 
35 1 35 
35 1 365 
35 1 400 
35 1 435 
35 1 470 
35 1 505 
35 1 504 
35 1 35 
35 1 105 
35 1 142 
35 1 177 
35 1 212 
35 1 247 
35 1 282 
35 1 317 
35 1 35 
35 1 35 
35 1 35 
35 1 35 
35 1 35 
35 1 35 
35 1 35 
35 1 35 
35 1 35 
35 1 35 
35 1 35 
35 1 35 
35 1 35 
35 1 35 
35 1 35 
35 1 35 
35 1 35 
35 1 35 
35 1 35 
35 1 35 
35 1 35 
35 1 35 
35 1 35 
35 1 365 
35 1 400 
35 1 435 
35 1 470 
35 1 505 
35 1 504 
35 1 35 
35 1 105 
35 1 142 
35 1 177 
35 1 212 
35 1 247 
35 1 282 
35 1 317 
35 1 35 
35 1 35 
35 1 35 
35 1 35 
35 1 35 
35 1 35 
35 1 35 
35 1 35 
35 1 35 
35 1 35 
35 1 35 
35 1 35 
35 1 35 
35 1 35 
35 1 35 
35 1 35 
35 1 35 
35 1 35 
35 1 35 
35 1 35 
35 1 35 
35 1 35 
35 1 35 
35 1 365 
35 1 400 
35 1 435 
35 1 470 
35 1 505 
35 1 504 
35 1 35 
35 1 105 
35 1 142 
35 1 177 
35 1 212 
35 1 247 
35 1 282 
35 1 317 
35 1 35 
35 1 35 
35 1 35 
35 1 35 
35 1 35 
35 1 35 
35 1 35 
35 1 35 
35 1 35 
35 1 35 
35 1 35 
35 1 35 
35 1 35 
35 1 35 
35 1 35 
35 1 35 
35 1 35 
35 1 35 
35 1 35 
35 1 35 
35 1 35 
35 1 35 
35 1 35 
35 1 365 
35 1 400 
35 1 435 
35 1 470 
35 1 505 
35 1 504 
35 1 35 
35 1 105 
35 1 142 
35 1 177 
35 1 212 
35 1 247 
35 1 282 
35 1 317 
35 1 35 
35 1 35 
35 1 35 
35 1 35 
35 1 35 
35 1 35 
35 1 35 
35 1 35 
35 1 35 
35 1 35 
35 1 35 
35 1 35 
35 1 35 
35 1 35 
35 1 35 
35 1 35 
35 1 35 
35 1 35 
35 1 35 
35 1 35 
35 1 35 
35 1 35 
35 1 35 
35 1 365 
35 1 400 
35 1 435 
35 1 470 
35 1 505 
35 1 504 
35 1 35 
35 1 105 
35 1 142 
35 1 177 
35 1 212 
35 1 247 
35 1 282 
35 1 317 
35 1 35 
35 1 35 
35 1 35 
35 1 35 
35 1 35 
35 1 35 
35 1 35 
35 1 35 
35 1 35 
35 1 35 
35 1 35 
35 1 35 
35 1 35 
35 1 35 
35 1 35 
35 1 35 
35 1 35 
35 1 35 
35 1 35 
35 1 35 
35 1 35 
35 1 35 
35 1 35 
35 1 365 
35 1 400 
35 1 435 
35 1 470 
35 1 505 
35 1 504 
35 1 35 
35 1 105 
35 1 142 
35 1 177 
35 1 212 
35 1 247 
35 1 282 
35 1 317 
35 1 35 
35 1 35 
35 1 35 
35 1 35 
35 1 35 
35 1 35 
35 1 35 
35 1 35 
35 1 35 
35 1 35 
35 1 35 
35 1 35 
35 1 35 
35 1 35 
35 1 35 
35 1 35 
35 1 35 
35 1 35 
35 1 35 
35 1 35 
35 1 35 
35 1 35 
35 1 35 
35 1 365 
35 1 400 
35 1 435 
35 1 470 
35 1 505 
35 1 504 
35 1 35 
35 1 105 
35 1 142 
35 1 177 
35 1 212 
35 1 247 
35 1 282 
35 1 317 
35 1 35 
35 1 35 
35 1 35 
35 1 35 
35 1 35 
35 1 35 
35 1 35 
35 1 35 
35 1 35 
35 1 35 
35 1 35 
35 1 35 
35 1 35 
35 1 35 
35 1 35 
35 1 35 
35 1 35 
35 1 35 
35 1 35 
35 1 35 
35 1 35 
35 1 35 
35 1 35 
35 1 365 
35 1 400 
35 1 435 
35 1 470 
35 1 505 
35 1 504 
35 1 35 
35 1 106 
35 1 143 
35 1 178 
35 1 213 
35 1 248 
35 1 283 
35 1 318 
35 1 353 
35 1 388 
35 1 423 
35 1 456 
35 1 491 
35 1 34 
35 1 34 
35 1 34 
35 1 34 
35 1 34 
35 1 34 
35 1 34 
35 1 34 
35 1 34 
35 1 34 
35 1 34 
35 1 34 
35 1 34 
35 1 34 
35 1 34 
35 1 34 
35 1 475 
35 1 510 
35 1 545 
35 1 580 
35 1 615 
35 1 650 
35 1 685 
35 1 684 
35 1 34 
35 1 106 
35 1 143 
35 1 178 
35 1 213 
35 1 248 
35 1 283 
35 1 318 
35 1 353 
35 1 388 
35 1 423 
35 1 456 
35 1 491 
35 1 34 
35 1 34 
35 1 34 
35 1 34 
35 1 34 
35 1 34 
35 1 34 
35 1 34 
35 1 34 
35 1 34 
35 1 34 
35 1 34 
35 1 34 
35 1 34 
35 1 34 
35 1 34 
35 1 475 
35 1 510 
35 1 545 
35 1 580 
35 1 615 
35 1 650 
35 1 685 
35 1 684 
35 1 34 
35 1 106 
35 1 143 
35 1 178 
35 1 213 
35 1 248 
35 1 283 
35 1 318 
35 1 353 
35 1 388 
35 1 423 
35 1 456 
35 1 491 
35 1 34 
35 1 34 
35 1 34 
35 1 34 
35 1 34 
35 1 34 
35 1 34 
35 1 34 
35 1 34 
35 1 34 
35 1 34 
35 1 34 
35 1 34 
35 1 34 
35 1 34 
35 1 34 
35 1 511 
35 1 546 
35 1 581 
35 1 616 
35 1 651 
35 1 650 
35 1 685 
35 1 684 
35 1 34 
35 1 106 
35 1 143 
35 1 178 
35 1 213 
35 1 248 
35 1 283 
35 1 318 
35 1 353 
35 1 388 
35 1 423 
35 1 456 
35 1 491 
35 1 34 
35 1 34 
35 1 34 
35 1 34 
35 1 34 
35 1 34 
35 1 34 
35 1 34 
35 1 34 
35 1 34 
35 1 34 
35 1 34 
35 1 34 
35 1 34 
35 1 34 
35 1 34 
35 1 475 
35 1 510 
35 1 545 
35 1 580 
35 1 615 
35 1 650 
35 1 685 
35 1 684 
35 1 34 
35 1 106 
35 1 143 
35 1 35 
35 1 212 
35 1 247 
35 1 282 
35 1 317 
35 1 352 
35 1 387 
35 1 422 
35 1 456 
35 1 491 
35 1 526 
35 1 34 
35 1 34 
35 1 34 
35 1 34 
35 1 34 
35 1 34 
35 1 34 
35 1 34 
35 1 34 
35 1 34 
35 1 34 
35 1 34 
35 1 34 
35 1 34 
35 1 34 
35 1 510 
35 1 509 
35 1 544 
35 1 579 
35 1 614 
35 1 649 
35 1 684 
35 1 719 
35 1 718 
35 1 34 
35 1 106 
35 1 143 
35 1 35 
35 1 212 
35 1 247 
35 1 282 
35 1 317 
35 1 352 
35 1 387 
35 1 422 
35 1 456 
35 1 491 
35 1 526 
35 1 34 
35 1 34 
35 1 34 
35 1 34 
35 1 34 
35 1 34 
35 1 34 
35 1 34 
35 1 34 
35 1 34 
35 1 34 
35 1 34 
35 1 34 
35 1 34 
35 1 34 
35 1 510 
35 1 509 
35 1 544 
35 1 579 
35 1 614 
35 1 649 
35 1 684 
35 1 719 
35 1 718 
35 1 34 
35 1 106 
35 1 143 
35 1 35 
35 1 212 
35 1 247 
35 1 282 
35 1 317 
35 1 352 
35 1 387 
35 1 422 
35 1 456 
35 1 491 
35 1 526 
35 1 34 
35 1 34 
35 1 34 
35 1 34 
35 1 34 
35 1 34 
35 1 34 
35 1 34 
35 1 34 
35 1 34 
35 1 34 
35 1 34 
35 1 34 
35 1 34 
35 1 34 
35 1 510 
35 1 509 
35 1 544 
35 1 579 
35 1 614 
35 1 649 
35 1 684 
35 1 719 
35 1 718 
35 1 34 
35 1 106 
35 1 143 
35 1 35 
35 1 212 
35 1 247 
35 1 282 
35 1 317 
35 1 352 
35 1 387 
35 1 422 
35 1 456 
35 1 491 
35 1 526 
35 1 34 
35 1 34 
35 1 34 
35 1 34 
35 1 34 
35 1 34 
35 1 34 
35 1 34 
35 1 34 
35 1 34 
35 1 34 
35 1 34 
35 1 34 
35 1 34 
35 1 34 
35 1 510 
35 1 509 
35 1 544 
35 1 579 
35 1 614 
35 1 649 
35 1 684 
35 1 719 
35 1 718 
35 1 34 
35 1 106 
35 1 143 
35 1 35 
35 1 212 
35 1 247 
35 1 282 
35 1 317 
35 1 352 
35 1 387 
35 1 422 
35 1 456 
35 1 491 
35 1 526 
35 1 34 
35 1 34 
35 1 34 
35 1 34 
35 1 34 
35 1 34 
35 1 34 
35 1 34 
35 1 34 
35 1 34 
35 1 34 
35 1 34 
35 1 34 
35 1 34 
35 1 34 
35 1 510 
35 1 509 
35 1 544 
35 1 579 
35 1 614 
35 1 649 
35 1 684 
35 1 719 
35 1 718 
35 1 34 
35 1 106 
35 1 143 
35 1 35 
35 1 212 
35 1 247 
35 1 282 
35 1 317 
35 1 352 
35 1 387 
35 1 422 
35 1 456 
35 1 491 
35 1 526 
35 1 34 
35 1 34 
35 1 34 
35 1 34 
35 1 34 
35 1 34 
35 1 34 
35 1 34 
35 1 34 
35 1 34 
35 1 34 
35 1 34 
35 1 34 
35 1 34 
35 1 34 
35 1 510 
35 1 509 
35 1 544 
35 1 579 
35 1 614 
35 1 649 
35 1 684 
35 1 719 
35 1 718 
35 1 34 
35 1 106 
35 1 143 
35 1 35 
35 1 212 
35 1 247 
35 1 282 
35 1 317 
35 1 352 
35 1 387 
35 1 422 
35 1 456 
35 1 491 
35 1 526 
35 1 34 
35 1 34 
35 1 34 
35 1 34 
35 1 34 
35 1 34 
35 1 34 
35 1 34 
35 1 34 
35 1 34 
35 1 34 
35 1 34 
35 1 34 
35 1 34 
35 1 34 
35 1 510 
35 1 509 
35 1 544 
35 1 579 
35 1 614 
35 1 649 
35 1 684 
35 1 719 
35 1 718 
35 1 34 
35 1 106 
35 1 143 
35 1 35 
35 1 212 
35 1 247 
35 1 282 
35 1 317 
35 1 352 
35 1 387 
35 1 422 
35 1 456 
35 1 491 
35 1 526 
35 1 34 
35 1 34 
35 1 34 
35 1 34 
35 1 34 
35 1 34 
35 1 34 
35 1 34 
35 1 34 
35 1 34 
35 1 34 
35 1 34 
35 1 34 
35 1 34 
35 1 34 
35 1 510 
35 1 509 
35 1 544 
35 1 579 
35 1 614 
35 1 649 
35 1 684 
35 1 719 
35 1 718 
35 1 34 
35 1 106 
35 1 143 
35 1 35 
35 1 212 
35 1 247 
35 1 282 
35 1 317 
35 1 352 
35 1 387 
35 1 422 
35 1 456 
35 1 491 
35 1 526 
35 1 34 
35 1 34 
35 1 34 
35 1 34 
35 1 34 
35 1 34 
35 1 34 
35 1 34 
35 1 34 
35 1 34 
35 1 34 
35 1 34 
35 1 34 
35 1 34 
35 1 34 
35 1 510 
35 1 509 
35 1 544 
35 1 579 
35 1 614 
35 1 649 
35 1 684 
35 1 719 
35 1 718 
35 1 34 
35 1 106 
35 1 143 
35 1 35 
35 1 212 
35 1 247 
35 1 282 
35 1 317 
35 1 352 
35 1 387 
35 1 422 
35 1 456 
35 1 491 
35 1 526 
35 1 34 
35 1 34 
35 1 34 
35 1 34 
35 1 34 
35 1 34 
35 1 34 
35 1 34 
35 1 34 
35 1 34 
35 1 34 
35 1 34 
35 1 34 
35 1 34 
35 1 34 
35 1 510 
35 1 509 
35 1 544 
35 1 579 
35 1 614 
35 1 649 
35 1 684 
35 1 719 
35 1 718 
35 1 34 
35 1 106 
35 1 143 
35 1 35 
35 1 212 
35 1 247 
35 1 282 
35 1 317 
35 1 352 
35 1 387 
35 1 422 
35 1 456 
35 1 491 
35 1 526 
35 1 34 
35 1 34 
35 1 34 
35 1 34 
35 1 34 
35 1 34 
35 1 34 
35 1 34 
35 1 34 
35 1 34 
35 1 34 
35 1 34 
35 1 34 
35 1 34 
35 1 34 
35 1 510 
35 1 509 
35 1 544 
35 1 579 
35 1 614 
35 1 649 
35 1 684 
35 1 719 
35 1 718 
35 1 34 
35 1 106 
35 1 143 
35 1 35 
35 1 212 
35 1 247 
35 1 282 
35 1 317 
35 1 352 
35 1 387 
35 1 422 
35 1 456 
35 1 491 
35 1 526 
35 1 34 
35 1 34 
35 1 34 
35 1 34 
35 1 34 
35 1 34 
35 1 34 
35 1 34 
35 1 34 
35 1 34 
35 1 34 
35 1 34 
35 1 34 
35 1 34 
35 1 34 
35 1 510 
35 1 509 
35 1 544 
35 1 579 
35 1 614 
35 1 649 
35 1 684 
35 1 719 
35 1 718 
35 1 34 
35 1 106 
35 1 143 
35 1 35 
35 1 212 
35 1 247 
35 1 282 
35 1 317 
35 1 352 
35 1 387 
35 1 422 
35 1 456 
35 1 491 
35 1 526 
35 1 34 
35 1 34 
35 1 34 
35 1 34 
35 1 34 
35 1 34 
35 1 34 
35 1 34 
35 1 34 
35 1 34 
35 1 34 
35 1 34 
35 1 34 
35 1 34 
35 1 34 
35 1 510 
35 1 509 
35 1 544 
35 1 579 
35 1 614 
35 1 649 
35 1 684 
35 1 719 
35 1 718 
35 1 34 
35 1 105 
35 1 142 
35 1 177 
35 1 212 
35 1 247 
35 1 282 
35 1 317 
35 1 35 
35 1 35 
35 1 35 
35 1 35 
35 1 35 
35 1 35 
35 1 35 
35 1 35 
35 1 35 
35 1 35 
35 1 35 
35 1 35 
35 1 35 
35 1 35 
35 1 35 
35 1 35 
35 1 35 
35 1 35 
35 1 35 
35 1 35 
35 1 35 
35 1 35 
35 1 35 
35 1 365 
35 1 400 
35 1 435 
35 1 470 
35 1 505 
35 1 504 
35 1 35 
35 1 105 
35 1 142 
35 1 177 
35 1 212 
35 1 247 
35 1 282 
35 1 317 
35 1 35 
35 1 35 
35 1 35 
35 1 35 
35 1 35 
35 1 35 
35 1 35 
35 1 35 
35 1 35 
35 1 35 
35 1 35 
35 1 35 
35 1 35 
35 1 35 
35 1 35 
35 1 35 
35 1 35 
35 1 35 
35 1 35 
35 1 35 
35 1 35 
35 1 35 
35 1 35 
35 1 365 
35 1 400 
35 1 435 
35 1 470 
35 1 505 
35 1 504 
35 1 35 
34 1 35 
35 1 139 
34 1 176 
35 1 211 
35 1 246 
35 1 281 
35 1 316 
35 1 35 
35 1 351 
35 1 35 
35 1 35 
35 1 35 
35 1 35 
35 1 35 
35 1 35 
35 1 35 
35 1 35 
35 1 35 
35 1 35 
35 1 35 
35 1 35 
35 1 35 
35 1 35 
35 1 35 
35 1 35 
35 1 35 
35 1 35 
35 1 35 
35 1 35 
35 1 35 
35 1 329 
35 1 364 
35 1 399 
35 1 434 
35 1 469 
35 1 504 
35 1 36 
34 1 35 
35 1 139 
34 1 176 
35 1 211 
35 1 246 
35 1 281 
35 1 316 
35 1 35 
35 1 351 
35 1 35 
35 1 35 
35 1 35 
35 1 35 
35 1 35 
35 1 35 
35 1 35 
35 1 35 
35 1 35 
35 1 35 
35 1 35 
35 1 35 
35 1 35 
35 1 35 
35 1 35 
35 1 35 
35 1 35 
35 1 35 
35 1 35 
35 1 35 
35 1 35 
35 1 329 
35 1 364 
35 1 399 
35 1 434 
35 1 469 
35 1 504 
35 1 36 
72 1 35 
34 1 35 
35 1 139 
34 1 176 
35 1 211 
35 1 246 
35 1 281 
35 1 316 
35 1 35 
35 1 351 
35 1 35 
35 1 35 
35 1 35 
35 1 35 
35 1 35 
35 1 35 
35 1 35 
35 1 35 
35 1 35 
35 1 35 
35 1 35 
35 1 35 
35 1 35 
35 1 35 
35 1 35 
35 1 35 
35 1 35 
35 1 35 
35 1 35 
35 1 35 
35 1 35 
35 1 329 
35 1 364 
35 1 399 
35 1 434 
35 1 469 
35 1 504 
35 1 36 
72 1 35 
144 1 35 
72 1 70 
178 2 70 
212 2 104 
246 2 501 
653 1 35 
718 4 778 
35 1 105 
35 1 142 
35 1 177 
35 1 212 
35 1 247 
35 1 282 
35 1 317 
35 1 35 
35 1 35 
35 1 35 
35 1 35 
35 1 35 
35 1 35 
35 1 35 
35 1 35 
35 1 35 
35 1 35 
35 1 35 
35 1 35 
35 1 35 
35 1 35 
35 1 35 
35 1 35 
35 1 35 
35 1 35 
35 1 35 
35 1 35 
35 1 35 
35 1 35 
35 1 35 
35 1 365 
35 1 400 
35 1 435 
35 1 470 
35 1 505 
35 1 504 
35 1 35 
35 1 105 
35 1 142 
35 1 177 
35 1 212 
35 1 247 
35 1 282 
35 1 317 
35 1 35 
35 1 35 
35 1 35 
35 1 35 
35 1 35 
35 1 35 
35 1 35 
35 1 35 
35 1 35 
35 1 35 
35 1 35 
35 1 35 
35 1 35 
35 1 35 
35 1 35 
35 1 35 
35 1 35 
35 1 35 
35 1 35 
35 1 35 
35 1 35 
35 1 35 
35 1 35 
35 1 365 
35 1 400 
35 1 435 
35 1 470 
35 1 505 
35 1 504 
35 1 35 
35 1 105 
35 1 142 
35 1 177 
35 1 212 
35 1 247 
35 1 282 
35 1 317 
35 1 35 
35 1 35 
35 1 35 
35 1 35 
35 1 35 
35 1 35 
35 1 35 
35 1 35 
35 1 35 
35 1 35 
35 1 35 
35 1 35 
35 1 35 
35 1 35 
35 1 35 
35 1 35 
35 1 35 
35 1 35 
35 1 35 
35 1 35 
35 1 35 
35 1 35 
35 1 35 
35 1 365 
35 1 400 
35 1 435 
35 1 470 
35 1 505 
35 1 504 
35 1 35 
35 1 105 
35 1 142 
35 1 177 
35 1 212 
35 1 247 
35 1 282 
35 1 317 
35 1 35 
35 1 35 
35 1 35 
35 1 35 
35 1 35 
35 1 35 
35 1 35 
35 1 35 
35 1 35 
35 1 35 
35 1 35 
35 1 35 
35 1 35 
35 1 35 
35 1 35 
35 1 35 
35 1 35 
35 1 35 
35 1 35 
35 1 35 
35 1 35 
35 1 35 
35 1 35 
35 1 365 
35 1 400 
35 1 435 
35 1 470 
35 1 505 
35 1 504 
35 1 35 
35 1 105 
35 1 142 
35 1 177 
35 1 212 
35 1 247 
35 1 282 
35 1 317 
35 1 35 
35 1 35 
35 1 35 
35 1 35 
35 1 35 
35 1 35 
35 1 35 
35 1 35 
35 1 35 
35 1 35 
35 1 35 
35 1 35 
35 1 35 
35 1 35 
35 1 35 
35 1 35 
35 1 35 
35 1 35 
35 1 35 
35 1 35 
35 1 35 
35 1 35 
35 1 35 
35 1 365 
35 1 400 
35 1 435 
35 1 470 
35 1 505 
35 1 504 
35 1 35 
35 1 105 
35 1 142 
35 1 177 
35 1 212 
35 1 247 
35 1 282 
35 1 317 
35 1 35 
35 1 35 
35 1 35 
35 1 35 
35 1 35 
35 1 35 
35 1 35 
35 1 35 
35 1 35 
35 1 35 
35 1 35 
35 1 35 
35 1 35 
35 1 35 
35 1 35 
35 1 35 
35 1 35 
35 1 35 
35 1 35 
35 1 35 
35 1 35 
35 1 35 
35 1 35 
35 1 365 
35 1 400 
35 1 435 
35 1 470 
35 1 505 
35 1 504 
35 1 35 
34 1 105 
73 1 35 
34 1 105 
35 4 32 
35 36 536 
109 1 35 
35 4 32 
108 36 502 
108 1 502 
108 1 502 
35 1 105 
35 1 142 
35 1 177 
35 1 212 
35 1 247 
35 1 282 
35 1 317 
35 1 35 
35 1 35 
35 1 35 
35 1 35 
35 1 35 
35 1 35 
35 1 35 
35 1 35 
35 1 35 
35 1 35 
35 1 35 
35 1 35 
35 1 35 
35 1 35 
35 1 35 
35 1 35 
35 1 35 
35 1 35 
35 1 35 
35 1 35 
35 1 35 
35 1 35 
35 1 35 
35 1 365 
35 1 400 
35 1 435 
35 1 470 
35 1 505 
35 1 504 
35 1 35 
35 1 105 
35 1 142 
35 1 177 
35 1 212 
35 1 247 
35 1 282 
35 1 317 
35 1 35 
35 1 35 
35 1 35 
35 1 35 
35 1 35 
35 1 35 
35 1 35 
35 1 35 
35 1 35 
35 1 35 
35 1 35 
35 1 35 
35 1 35 
35 1 35 
35 1 35 
35 1 35 
35 1 35 
35 1 35 
35 1 35 
35 1 35 
35 1 35 
35 1 35 
35 1 35 
35 1 365 
35 1 400 
35 1 435 
35 1 470 
35 1 505 
35 1 504 
35 1 35 
35 1 105 
35 1 142 
35 1 177 
35 1 212 
35 1 247 
35 1 282 
35 1 317 
35 1 35 
35 1 35 
35 1 35 
35 1 35 
35 1 35 
35 1 35 
35 1 35 
35 1 35 
35 1 35 
35 1 35 
35 1 35 
35 1 35 
35 1 35 
35 1 35 
35 1 35 
35 1 35 
35 1 35 
35 1 35 
35 1 35 
35 1 35 
35 1 35 
35 1 35 
35 1 35 
35 1 365 
35 1 400 
35 1 435 
35 1 470 
35 1 505 
35 1 504 
35 1 35 
35 1 105 
35 1 142 
35 1 177 
35 1 212 
35 1 247 
35 1 282 
35 1 317 
35 1 35 
35 1 35 
35 1 35 
35 1 35 
35 1 35 
35 1 35 
35 1 35 
35 1 35 
35 1 35 
35 1 35 
35 1 35 
35 1 35 
35 1 35 
35 1 35 
35 1 35 
35 1 35 
35 1 35 
35 1 35 
35 1 35 
35 1 35 
35 1 35 
35 1 35 
35 1 35 
35 1 365 
35 1 400 
35 1 435 
35 1 470 
35 1 505 
35 1 504 
35 1 35 
35 1 105 
35 1 142 
35 1 177 
35 1 212 
35 1 247 
35 1 282 
35 1 317 
35 1 35 
35 1 35 
35 1 35 
35 1 35 
35 1 35 
35 1 35 
35 1 35 
35 1 35 
35 1 35 
35 1 35 
35 1 35 
35 1 35 
35 1 35 
35 1 35 
35 1 35 
35 1 35 
35 1 35 
35 1 35 
35 1 35 
35 1 35 
35 1 35 
35 1 35 
35 1 35 
35 1 365 
35 1 400 
35 1 435 
35 1 470 
35 1 505 
35 1 504 
35 1 35 
35 1 105 
35 1 142 
35 1 177 
35 1 212 
35 1 247 
35 1 282 
35 1 317 
35 1 35 
35 1 35 
35 1 35 
35 1 35 
35 1 35 
35 1 35 
35 1 35 
35 1 35 
35 1 35 
35 1 35 
35 1 35 
35 1 35 
35 1 35 
35 1 35 
35 1 35 
35 1 35 
35 1 35 
35 1 35 
35 1 35 
35 1 35 
35 1 35 
35 1 35 
35 1 35 
35 1 365 
35 1 400 
35 1 435 
35 1 470 
35 1 505 
35 1 504 
35 1 35 
35 1 105 
35 1 142 
35 1 177 
35 1 212 
35 1 247 
35 1 282 
35 1 317 
35 1 35 
35 1 35 
35 1 35 
35 1 35 
35 1 35 
35 1 35 
35 1 35 
35 1 35 
35 1 35 
35 1 35 
35 1 35 
35 1 35 
35 1 35 
35 1 35 
35 1 374 
35 1 409 
35 1 444 
35 1 479 
35 1 514 
35 1 513 
35 1 35 
35 1 105 
35 1 142 
35 1 177 
35 1 212 
35 1 247 
35 1 282 
35 1 317 
35 1 35 
35 1 35 
35 1 35 
35 1 35 
35 1 35 
35 1 35 
35 1 35 
35 1 35 
35 1 35 
35 1 35 
35 1 35 
35 1 35 
35 1 35 
35 1 35 
35 1 35 
35 1 35 
35 1 35 
35 1 35 
35 1 35 
35 1 35 
35 1 35 
35 1 35 
35 1 35 
35 1 365 
35 1 400 
35 1 435 
35 1 470 
35 1 505 
35 1 504 
35 1 35 
35 1 105 
35 1 142 
35 1 177 
35 1 212 
35 1 247 
35 1 282 
35 1 317 
35 1 35 
35 1 35 
35 1 35 
35 1 35 
35 1 35 
35 1 35 
35 1 35 
35 1 35 
35 1 35 
35 1 35 
35 1 35 
35 1 35 
35 1 35 
35 1 35 
35 1 35 
35 1 35 
35 1 35 
35 1 35 
35 1 35 
35 1 35 
35 1 35 
35 1 35 
35 1 35 
35 1 365 
35 1 400 
35 1 435 
35 1 470 
35 1 505 
35 1 504 
35 1 35 
34 1 105 
39 1 35 
39 1 35 
39 1 35 
39 1 35 
39 1 35 
39 1 35 
39 1 35 
39 1 35 
39 1 35 
39 1 35 
39 1 35 
39 1 35 
39 1 35 
39 1 35 
39 1 35 
39 1 35 
39 1 35 
39 1 35 
39 1 35 
39 1 35 
39 1 35 
39 1 35 
39 1 35 
39 1 35 
39 1 35 
39 1 35 
39 1 35 
39 1 35 
39 1 35 
39 1 35 
39 1 35 
39 1 35 
75 1 35 
1223 31 595 
1225 4 32 
1221 36 1807 
1225 32 2046 
1257 4 2092 
1270 27 32 
1243 59 2092 
1276 3 2138 
1310 2 501 
1314 52 32 
1282 20 32 
1262 84 2294 
1297 1 502 
1329 4 2378 
1333 74 32 
1301 42 32 
1269 10 32 
1259 106 2317 
1366 1 501 
1400 3 582 
1431 5 2587 
1464 3 2627 
1537 40 32 
1505 8 32 
1497 72 2598 
1466 146 32 
1434 114 32 
1402 82 32 
1370 50 32 
1338 18 32 
1320 178 2421 
2006 149 32 
1974 117 32 
1942 85 32 
1910 53 32 
1878 21 32 
1857 181 2875 
1826 8 32 
1818 40 2901 
1809 10 2891 
1842 2 2924 
1875 2 2972 
1909 1 682 
35 1 682 
1910 1 3005 
1945 1 35 
1945 1 35 
1979 2 619 
1945 1 35 
1945 1 35 
1945 1 502 
1945 1 35 
1954 1 537 
2087 3 3071 
2214 10 3125 
2278 5 3154 
2281 1037 32 
2249 1005 32 
2217 973 32 
2185 941 32 
2153 909 32 
2121 877 32 
2089 845 32 
2091 813 32 
2059 781 32 
2027 749 32 
1995 717 32 
1963 685 32 
1931 653 32 
1899 621 32 
1867 589 32 
1835 557 32 
1803 525 32 
1771 493 32 
1739 461 32 
1707 429 32 
1675 397 32 
1643 365 32 
1611 333 32 
1579 301 32 
1547 269 32 
1515 237 32 
1483 205 32 
1451 173 32 
1419 141 32 
1387 109 32 
1355 77 32 
1323 45 32 
1291 13 32 
1278 1069 2175 
35 1 718 
1296 1 718 
1296 1 806 
1296 1 2243 
1296 1 2242 
1296 1 2241 
1296 1 2240 
1296 1 2239 
1296 1 2238 
1296 1 2272 
1296 1 2271 
1313 1 2270 
1314 1 718 
1314 1 2268 
1314 1 2267 
1314 1 2266 
1314 1 2265 
1314 1 2264 
1314 1 35 
1314 1 35 
1314 1 2287 
1314 1 2286 
1314 1 2285 
1314 1 2284 
1314 1 2283 
1314 1 2282 
1314 1 2281 
1314 1 2280 
1363 1 2279 
1363 1 2312 
1363 1 2311 
1363 1 2310 
1363 1 2309 
1363 1 2308 
1363 1 2307 
1363 1 2306 
1363 1 2305 
1875 1 2304 
1907 1 35 
1907 1 35 
1907 1 2326 
1907 1 35 
1907 1 35 
1907 1 35 
1907 1 35 
1907 1 2321 
1907 1 35 
1907 1 35 
1907 1 2318 
1907 1 2317 
1907 1 2316 
1907 1 35 
1907 1 2339 
1907 1 35 
1907 1 2337 
1907 1 35 
1907 1 35 
1907 1 35 
1907 1 35 
1907 1 35 
1907 1 2331 
1907 1 35 
1907 1 2354 
1907 1 2353 
1907 1 2352 
1907 1 2351 
1907 1 35 
1907 1 35 
1907 1 35 
1907 1 35 
1907 1 35 
1907 1 35 
1907 1 35 
1907 1 35 
1907 1 35 
1907 1 35 
1907 1 35 
1907 1 35 
1907 1 35 
1907 1 2337 
1907 1 35 
1907 1 35 
1907 1 35 
1907 1 35 
1907 1 35 
1907 1 35 
1907 1 35 
1907 1 2354 
1907 1 35 
1907 1 35 
1907 1 35 
1907 1 2350 
1907 1 36 
1907 1 35 
1907 1 35 
1907 1 35 
1907 1 2370 
1907 1 35 
1907 1 35 
1907 1 35 
1907 1 35 
1907 1 35 
1907 1 35 
1907 1 35 
1907 1 35 
1907 1 35 
1907 1 35 
1907 1 35 
1907 1 36 
1907 1 35 
1907 1 35 
1907 1 35 
1907 1 35 
1907 1 35 
1907 1 35 
1907 1 35 
1907 1 35 
1907 1 35 
1907 1 35 
1907 1 2372 
1907 1 2371 
1907 1 35 
1907 1 35 
1907 1 35 
1907 1 35 
1907 1 35 
1907 1 35 
1907 1 35 
1907 1 35 
1907 1 35 
1907 1 35 
1907 1 35 
1907 1 36 
1907 1 36 
1907 1 35 
1907 1 35 
1907 1 35 
1907 1 35 
1907 1 35 
1907 1 35 
1907 1 35 
1907 1 35 
1907 1 36 
1907 1 36 
1907 1 35 
1907 1 35 
1907 1 35 
1907 1 35 
1907 1 35 
1907 1 35 
1907 1 35 
1907 1 35 
1907 1 35 
1907 1 35 
1907 1 35 
1907 1 35 
1907 1 2410 
1907 1 35 
1907 1 35 
1907 1 36 
1907 1 2406 
1907 1 2405 
1907 1 2404 
1907 1 2403 
1907 1 2402 
1907 1 35 
1907 1 2424 
1907 1 2423 
1907 1 2422 
1906 2 2422 
1906 1 2421 
1906 1 2420 
1906 1 2419 
1906 1 2418 
1906 1 35 
1906 1 2440 
1906 1 35 
1906 1 2462 
1906 1 2461 
1906 1 2460 
1906 1 35 
1906 1 35 
1906 1 35 
1906 1 2528 
1906 1 35 
1906 1 2526 
1906 1 35 
1906 1 35 
1906 1 2547 
1906 1 2546 
1906 1 35 
1906 1 2571 
1906 1 35 
1906 1 2569 
1906 1 2568 
1906 1 35 
1906 1 35 
1906 1 2589 
1906 1 35 
1906 1 35 
1906 1 35 
1906 1 35 
1906 1 2609 
1906 1 35 
1906 1 2631 
1906 1 35 
1906 1 35 
1906 1 2653 
1906 1 2652 
1906 1 35 
1906 1 35 
1906 1 35 
1906 1 2673 
1906 1 2672 
1906 1 35 
1906 1 2694 
1906 1 35 
1906 1 35 
1906 1 35 
1906 1 2690 
1906 1 35 
1906 1 35 
1906 1 35 
1906 1 2687 
1906 1 2686 
1906 1 2685 
1906 1 2684 
1906 1 2683 
1906 1 2682 
1906 1 2681 
1906 1 2680 
1906 1 35 
1906 1 2680 
1906 1 2679 
1906 1 2678 
1906 1 2677 
1906 1 2676 
1906 1 35 
1906 1 2674 
1906 1 35 
1906 1 2672 
1906 1 35 
1906 1 35 
1906 1 35 
1906 1 35 
1906 1 35 
1906 1 35 
1906 1 2668 
1906 1 35 
1906 1 2668 
1906 1 2667 
1906 1 2666 
1906 1 2665 
1906 1 35 
1906 1 35 
1906 1 35 
1906 1 35 
1906 1 35 
1906 1 35 
1906 1 35 
1906 1 35 
1906 1 2681 
1906 1 2680 
1906 1 2679 
1906 1 35 
1906 1 35 
1906 1 35 
1906 1 2675 
1906 1 35 
1906 1 35 
1906 1 35 
1906 1 35 
1906 1 35 
1906 1 35 
1906 1 2693 
1906 1 35 
1906 1 2691 
1906 1 2690 
1906 1 35 
1906 1 35 
1906 1 2687 
1906 1 2686 
1906 1 35 
1906 1 35 
1906 1 35 
1906 1 35 
1906 1 35 
1906 1 35 
1906 1 2703 
1906 1 35 
1906 1 35 
1906 1 2700 
1906 1 2699 
1906 1 2698 
1905 2 2696 
1901 5 2691 
1901 1 2690 
1898 4 2686 
1898 1 2685 
1896 3 2682 
1895 2 2680 
1895 1 35 
1894 2 2678 
1891 4 2674 
1891 1 2673 
1891 1 2672 
1890 2 2670 
1890 1 35 
1889 2 2667 
1888 2 2665 
1888 1 35 
1888 1 2663 
1888 1 2662 
1887 2 2660 
1883 5 2655 
1883 1 2654 
1880 4 2650 
1880 1 35 
1878 3 2646 
1877 2 2644 
1877 1 35 
1876 2 2666 
1873 4 2662 
1873 1 35 
1873 1 2684 
1872 2 2682 
1872 1 2681 
1871 2 2679 
1870 2 2677 
1870 1 2676 
1870 1 2675 
1870 1 35 
1869 2 2672 
1865 5 2667 
1865 1 35 
1862 4 2662 
1862 1 2661 
1860 3 2682 
1859 2 2680 
1859 1 35 
1858 2 2677 
1855 4 2673 
1855 1 2672 
1855 1 2671 
1854 2 2670 
1854 1 35 
1853 2 2668 
1852 2 2666 
1852 1 35 
1852 1 35 
1852 1 2663 
1846 7 2657 
1846 1 35 
1843 4 2676 
1843 1 2675 
1841 3 2696 
1840 2 2694 
1840 1 2693 
1839 2 2691 
1836 4 2687 
1836 1 2686 
1836 1 35 
1835 2 2683 
1835 1 35 
1834 2 2680 
1833 2 2678 
1833 1 35 
1833 1 35 
1833 1 2675 
1832 2 2673 
1828 5 2668 
1828 1 2667 
1825 4 2663 
1825 1 35 
1823 3 2683 
1822 2 2681 
1822 1 35 
1821 2 2678 
1818 4 2674 
1818 1 35 
1818 1 2673 
1817 2 2671 
1817 1 2670 
1816 2 2668 
1815 2 2666 
1815 1 35 
1815 1 35 
1815 1 2664 
1814 2 2662 
1810 5 2657 
1810 1 2656 
1807 4 2652 
1807 1 35 
1805 3 2648 
1804 2 2647 
1804 1 35 
1803 2 2645 
1800 4 2641 
1800 1 2640 
1800 1 35 
1799 2 2637 
1799 1 35 
1798 2 2634 
1797 2 2632 
1797 1 2631 
1797 1 2630 
1797 1 35 
1796 2 2627 
1792 5 2622 
1792 1 2621 
1789 4 2617 
1789 1 35 
1787 3 2613 
1786 2 2611 
1786 1 35 
1785 2 2608 
1782 4 2604 
1782 1 2603 
1782 1 2602 
1781 2 2600 
1781 1 2599 
1780 2 2597 
1779 2 2596 
1779 1 2595 
1779 1 35 
1779 1 2593 
1778 2 2591 
1774 5 2588 
1774 1 35 
1771 4 2583 
1771 1 2582 
1769 3 2579 
1768 2 2577 
1768 1 35 
1767 2 2574 
1764 4 2570 
1764 1 2569 
1764 1 2568 
1763 2 2566 
1763 1 35 
1762 2 2563 
1761 2 2561 
1761 1 2560 
1761 1 35 
1761 1 2558 
1760 2 2556 
1756 5 2552 
1756 1 2551 
1753 4 2547 
1753 1 2546 
1751 3 2543 
1750 2 2565 
1750 1 35 
1749 2 2562 
1746 4 2558 
1746 1 2557 
1746 1 2556 
1745 2 2554 
1745 1 2553 
1744 2 2551 
1743 2 2549 
1743 1 2548 
1743 1 35 
1743 1 2546 
1742 2 2544 
1738 5 2539 
1738 1 35 
1735 4 2534 
1735 1 2533 
1733 3 2530 
1732 2 2528 
1732 1 35 
1731 2 2525 
1728 4 2521 
1728 1 2520 
1728 1 35 
1727 2 2517 
1727 1 2516 
1726 2 2514 
1725 2 2512 
1725 1 2511 
1725 1 35 
1725 1 35 
1724 2 2531 
1720 5 2526 
1720 1 35 
1717 4 2521 
1717 1 35 
1715 3 2517 
1714 2 2515 
1714 1 35 
1713 2 2512 
1710 4 2508 
1710 1 2507 
1710 1 2506 
1709 2 2504 
1709 1 2503 
1708 2 2501 
1707 2 2499 
1707 1 35 
1707 1 2497 
1707 1 2496 
1706 2 2494 
1702 5 2489 
1702 1 35 
1699 4 2484 
1699 1 35 
1697 3 2480 
1696 2 2478 
1696 1 2477 
1695 2 2475 
1692 4 2471 
1692 1 2470 
1692 1 35 
1691 2 2467 
1691 1 35 
1690 2 2464 
1689 2 2462 
1689 1 2461 
1689 1 35 
1689 1 35 
1688 2 2457 
1684 5 2452 
1684 1 36 
1681 4 2447 
1681 1 2446 
1679 3 2443 
1678 2 2441 
1678 1 35 
1677 2 2438 
1674 4 2434 
1674 1 35 
1672 3 2431 
1672 1 2430 
1671 2 2428 
1669 3 2426 
1669 1 35 
1669 1 35 
1668 2 2422 
1664 5 2417 
1664 1 35 
1661 4 2413 
1661 1 35 
1659 3 2409 
1658 2 2407 
1658 1 35 
1657 2 2404 
1654 4 2400 
1654 1 2399 
1654 1 2398 
1653 2 2396 
1653 1 35 
1652 2 2393 
1651 2 2391 
1651 1 2390 
1651 1 35 
1651 1 2388 
1650 2 2386 
1646 5 2381 
1646 1 35 
1643 4 2376 
1643 1 35 
1641 3 2372 
1640 2 2370 
1640 1 2369 
1639 2 2367 
1636 4 2363 
1636 1 2362 
1636 1 2361 
1635 2 2359 
1635 1 35 
1632 4 2355 
1632 1 35 
1632 1 35 
1632 1 35 
1631 2 2350 
1627 5 2345 
1627 1 35 
1624 4 2340 
1624 1 35 
1622 3 2336 
1621 2 2334 
1621 1 35 
1620 2 2331 
1617 4 2327 
1617 1 35 
1617 1 35 
1616 2 2323 
1616 1 2322 
1615 2 2320 
1614 2 2318 
1614 1 35 
1614 1 2316 
1614 1 2315 
1613 2 2313 
1609 5 2308 
1609 1 35 
1606 4 2303 
1606 1 35 
1604 3 2299 
1603 2 2297 
1603 1 35 
1602 2 2294 
1599 4 2290 
1599 1 35 
1599 1 35 
1598 2 2286 
1598 1 2285 
1597 2 2283 
1596 2 2281 
1596 1 35 
1596 1 35 
1596 1 2278 
1595 2 2276 
1591 5 2272 
1591 1 35 
1588 4 2267 
1588 1 2266 
1586 3 2263 
1585 2 2261 
1585 1 35 
1584 2 2258 
1581 4 2254 
1581 1 35 
1581 1 35 
1580 2 2250 
1580 1 35 
1579 2 2247 
1578 2 2245 
1578 1 35 
1578 1 35 
1578 1 36 
1577 2 2240 
1573 5 2235 
1573 1 35 
1570 4 2230 
1570 1 2229 
1568 3 2226 
1567 2 2224 
1567 1 35 
1566 2 2221 
1563 4 2217 
1563 1 35 
1563 1 2215 
1562 2 2213 
1562 1 35 
1561 2 2210 
1560 2 2208 
1560 1 2207 
1560 1 2206 
1560 1 36 
1559 2 2203 
1555 5 2198 
1555 1 35 
1552 4 2193 
1552 1 2192 
1550 3 2189 
1549 2 2187 
1549 1 35 
1548 2 2184 
1545 4 2180 
1545 1 35 
1545 1 2178 
1544 2 2176 
1544 1 35 
1543 2 2173 
1542 2 2171 
1542 1 2170 
1542 1 35 
1542 1 35 
1541 2 2166 
1537 5 2161 
1537 1 2160 
1534 4 2156 
1534 1 2155 
1532 3 2152 
1531 2 2150 
1531 1 35 
1530 2 2147 
1528 3 2144 
1528 1 2143 
1528 1 35 
1528 1 2141 
1527 2 2139 
1527 1 2138 
1526 2 2136 
1525 2 2134 
1525 1 35 
1525 1 35 
1525 1 35 
1524 2 2129 
1520 5 2124 
1520 1 2123 
1517 4 2119 
1517 1 2118 
1515 3 2115 
1514 2 2113 
1514 1 35 
1513 2 2110 
1510 4 2106 
1510 1 35 
1510 1 35 
1509 2 2102 
1509 1 35 
1508 2 2099 
1507 2 2097 
1507 1 35 
1507 1 35 
1507 1 2094 
1506 2 2092 
1502 5 2087 
1502 1 35 
1499 4 2083 
1499 1 35 
1497 3 2079 
1496 2 2077 
1496 1 2076 
1495 2 2074 
1492 4 2070 
1492 1 2069 
1492 1 2068 
1491 2 2066 
1491 1 2065 
1490 2 2063 
1489 2 2061 
1489 1 2060 
1489 1 35 
1489 1 35 
1488 2 2056 
1484 5 2051 
1484 1 35 
1481 4 2046 
1481 1 35 
1479 3 2042 
1478 2 2040 
1478 1 35 
1477 2 2037 
1474 4 2033 
1474 1 35 
1474 1 35 
1473 2 2029 
1473 1 2028 
1472 2 2026 
1471 2 2024 
1471 1 2023 
1471 1 35 
1471 1 2021 
1470 2 2019 
1466 5 2014 
1466 1 35 
1463 4 2009 
1463 1 2008 
1461 3 2005 
1460 2 2003 
1460 1 35 
1459 2 2000 
1456 4 1996 
1456 1 1995 
1456 1 35 
1455 2 1992 
1455 1 1991 
1454 2 1989 
1453 2 1987 
1453 1 35 
1453 1 35 
1453 1 35 
1452 2 1982 
1448 5 1977 
1448 1 1976 
1445 4 1972 
1445 1 1971 
1443 3 1968 
1442 2 1966 
1442 1 35 
1441 2 1963 
1438 4 1959 
1438 1 36 
1438 1 1957 
1437 2 1955 
1437 1 35 
1436 2 1952 
1435 2 1950 
1435 1 35 
1435 1 1948 
1435 1 35 
1434 2 1945 
1430 5 1940 
1430 1 35 
1427 4 1935 
1427 1 35 
1425 3 1931 
1424 2 1929 
1424 1 35 
1423 2 1926 
1420 4 1922 
1420 1 1921 
1420 1 1920 
1419 2 1918 
1419 1 1917 
1418 2 1915 
1417 2 1913 
1417 1 35 
1417 1 35 
1417 1 1910 
1416 2 1908 
1412 5 1903 
1412 1 1902 
1409 4 1898 
1409 1 35 
1405 5 1892 
1405 1 35 
1404 2 1889 
1401 4 1885 
1401 1 1884 
1401 1 35 
1400 2 1881 
1400 1 1880 
1399 2 1878 
1398 2 1876 
1398 1 35 
1398 1 35 
1398 1 35 
1397 2 1871 
1393 5 1866 
1393 1 1865 
1390 4 1861 
1390 1 35 
1388 3 1857 
1387 2 1855 
1387 1 1854 
1386 2 1852 
1383 4 1848 
1383 1 35 
1383 1 35 
1382 2 1844 
1382 1 1843 
1379 4 1839 
1379 1 1838 
1379 1 35 
1379 1 35 
1378 2 1834 
1374 5 1829 
1374 1 35 
1371 4 1824 
1371 1 1823 
1369 3 1820 
1368 2 1818 
1368 1 1817 
1367 2 1815 
1364 4 1811 
1364 1 35 
1364 1 1809 
1363 2 1807 
1363 1 35 
1362 2 1804 
1361 2 1802 
1361 1 35 
1361 1 35 
1361 1 35 
1360 2 1797 
1356 5 1792 
1356 1 35 
1353 4 1787 
1353 1 35 
1351 3 1783 
1350 2 1781 
1350 1 35 
1349 2 1778 
1346 4 1774 
1346 1 35 
1346 1 35 
1345 2 1770 
1345 1 1769 
1344 2 1767 
1343 2 1765 
1343 1 35 
1343 1 35 
1343 1 1762 
1342 2 1760 
1338 5 1755 
1338 1 1754 
1335 4 1750 
1335 1 35 
1333 3 1746 
1332 2 1744 
1332 1 35 
1331 2 1741 
1328 4 1737 
1328 1 1736 
1328 1 35 
1327 2 1733 
1327 1 1732 
1326 2 1730 
1325 2 1728 
1325 1 35 
1325 1 35 
1325 1 35 
1324 2 1723 
1320 5 1718 
1320 1 1717 
1317 4 1713 
1317 1 1712 
1315 3 1709 
1314 2 1707 
1314 1 35 
1313 2 1704 
1310 4 1700 
1310 1 35 
1310 1 35 
1309 2 1696 
1309 1 1695 
1308 2 1693 
1307 2 1691 
1307 1 35 
1307 1 35 
1307 1 35 
1306 2 1686 
1302 5 1681 
1302 1 1680 
1299 4 1676 
1299 1 35 
1295 5 1670 
1295 1 1669 
1294 2 1667 
1291 4 1663 
1291 1 35 
1291 1 35 
1290 2 1659 
1290 1 36 
1289 2 1656 
1288 2 1654 
1288 1 35 
1288 1 1652 
1288 1 35 
1287 2 1649 
1283 5 1644 
1283 1 1643 
1280 4 1639 
1280 1 35 
1278 3 1635 
1277 2 1633 
1277 1 35 
1276 2 1630 
1273 4 1626 
1273 1 1625 
1273 1 35 
1272 2 1622 
1272 1 1621 
1271 2 1619 
1270 2 1617 
1270 1 35 
1270 1 1615 
1270 1 1614 
1270 1 35 
1270 1 1612 
1270 1 1611 
1270 1 1610 
1270 1 1609 
1270 1 35 
1270 1 1607 
1270 1 1606 
1270 1 1605 
1270 1 1604 
1270 1 1603 
1270 1 35 
1270 1 1601 
1270 1 35 
1270 1 35 
1270 1 35 
1270 1 35 
1270 1 35 
1270 1 35 
1270 1 35 
1270 1 1593 
1270 1 35 
1270 1 1591 
1270 1 1590 
1270 1 1589 
1270 1 1588 
1270 1 1587 
1270 1 35 
1270 1 1585 
1270 1 35 
1270 1 1583 
1270 1 1582 
1270 1 35 
1270 1 1580 
1270 1 1579 
1270 1 1578 
1270 1 35 
1270 1 1576 
1270 1 35 
1270 1 1574 
1270 1 1573 
1270 1 35 
1270 1 1571 
1270 1 35 
1270 1 35 
1270 1 35 
1270 1 1567 
1270 1 1566 
1270 1 35 
1270 1 1564 
1270 1 1563 
1270 1 1562 
1270 1 35 
1270 1 1560 
1270 1 35 
1270 1 35 
1269 2 1556 
1269 1 1555 
1269 1 35 
1269 1 1553 
1269 1 1552 
1269 1 35 
1269 1 35 
1269 1 35 
1269 1 1548 
1269 1 35 
1269 1 1546 
1269 1 35 
1269 1 35 
1269 1 35 
1269 1 35 
1269 1 35 
1269 1 35 
1269 1 1539 
1269 1 35 
1269 1 35 
1269 1 35 
1269 1 1535 
1269 1 35 
1269 1 35 
1269 1 35 
1269 1 35 
1269 1 35 
1269 1 35 
1269 1 35 
1269 1 35 
1269 1 35 
1269 1 35 
1269 1 35 
1269 1 35 
1269 1 35 
1269 1 1521 
1269 1 1520 
1269 1 1519 
1269 1 1518 
1269 1 35 
1269 1 1516 
1269 1 1515 
1269 1 35 
1269 1 1513 
1269 1 1512 
1269 1 35 
1269 1 35 
1269 1 35 
1269 1 35 
1269 1 1507 
1269 1 35 
1269 1 35 
1269 1 35 
1269 1 35 
1269 1 35 
1269 1 35 
1269 1 1500 
1269 1 35 
1269 1 1498 
1269 1 35 
1269 1 1497 
1269 1 35 
1268 2 1495 
1268 1 35 
1268 1 35 
1268 1 35 
1268 1 35 
1268 1 35 
1268 1 35 
1268 1 1488 
1268 1 35 
1268 1 1486 
1268 1 1485 
1268 1 1484 
1268 1 1483 
1268 1 35 
1268 1 1481 
1268 1 1480 
1268 1 1479 
1268 1 35 
1267 2 1476 
1267 1 1475 
1267 1 1474 
1267 1 1473 
1267 1 1472 
1267 1 1471 
1267 1 35 
1267 1 35 
1267 1 35 
1267 1 1467 
1267 1 35 
1267 1 35 
1267 1 1464 
1267 1 35 
1267 1 35 
1267 1 1461 
1267 1 1460 
1267 1 1459 
1267 1 1458 
1267 1 35 
1267 1 1456 
1267 1 1455 
1267 1 1454 
1267 1 35 
1267 1 35 
1267 1 35 
1267 1 1450 
1267 1 35 
1267 1 1448 
1267 1 35 
1267 1 35 
1267 1 1445 
1267 1 35 
1267 1 35 
1267 1 35 
1267 1 1441 
1267 1 1440 
1267 1 1439 
1266 2 1438 
1266 1 1437 
1266 1 35 
1266 1 1435 
1266 1 1434 
1266 1 35 
1266 1 35 
1266 1 1431 
1266 1 35 
1266 1 1429 
1266 1 1428 
1266 1 1427 
1266 1 35 
1266 1 35 
1266 1 35 
1266 1 1423 
1266 1 1422 
1266 1 1421 
1266 1 35 
1266 1 35 
1266 1 1418 
1266 1 35 
1266 1 35 
1266 1 35 
1266 1 35 
1266 1 1413 
1266 1 35 
1266 1 1411 
1266 1 35 
1266 1 1409 
1266 1 35 
1266 1 35 
1266 1 35 
1266 1 35 
1266 1 1404 
1266 1 35 
1266 1 1402 
1266 1 35 
1266 1 1400 
1266 1 35 
1266 1 35 
1266 1 35 
1266 1 1396 
1266 1 35 
1266 1 35 
1266 1 35 
1266 1 35 
1265 2 1390 
1265 1 35 
1265 1 35 
1265 1 35 
1265 1 1386 
1265 1 35 
1265 1 35 
1265 1 35 
1265 1 35 
1265 1 35 
1265 1 1380 
1265 1 35 
1265 1 35 
1265 1 35 
1265 1 35 
1265 1 1375 
1265 1 35 
1265 1 35 
1265 1 35 
1265 1 1371 
1265 1 35 
1265 1 1369 
1265 1 35 
1265 1 35 
1265 1 35 
1264 2 1364 
1264 1 35 
1264 1 35 
1264 1 1361 
1263 2 1360 
1263 1 35 
1263 1 35 
1263 1 1357 
1263 1 35 
1263 1 35 
1263 1 35 
1263 1 35 
1263 1 35 
1263 1 35 
1263 1 35 
1263 1 35 
1263 1 35 
1263 1 35 
1263 1 35 
1263 1 1345 
1263 1 35 
1263 1 1343 
1263 1 35 
1263 1 35 
1263 1 35 
1263 1 35 
1263 1 35 
1263 1 35 
1263 1 35 
1263 1 35 
1263 1 35 
1263 1 35 
1263 1 35 
1263 1 35 
1263 1 35 
1263 1 35 
1263 1 1328 
1263 1 35 
1263 1 35 
1263 1 1325 
1263 1 35 
1263 1 35 
1263 1 35 
1263 1 35 
1263 1 1320 
1263 1 35 
1263 1 35 
1263 1 35 
1263 1 35 
1263 1 35 
1263 1 35 
1263 1 35 
1263 1 35 
1263 1 35 
1263 1 35 
1263 1 1309 
1263 1 35 
1263 1 35 
1263 1 35 
1263 1 1305 
1263 1 35 
1263 1 1303 
1263 1 35 
1263 1 35 
1263 1 35 
1263 1 35 
1263 1 35 
1263 1 1297 
1263 1 35 
1263 1 35 
1263 1 35 
1263 1 35 
1263 1 35 
1263 1 35 
1263 1 1290 
1263 1 35 
1263 1 35 
1263 1 35 
1263 1 35 
1263 1 35 
1263 1 35 
1263 1 35 
1263 1 35 
1263 1 35 
1263 1 35 
1263 1 35 
1263 1 35 
1263 1 35 
1263 1 35 
1263 1 35 
1263 1 35 
1263 1 1273 
1263 1 35 
1263 1 35 
1263 1 35 
1262 2 1269 
1260 3 1267 
74 1 71 
74 1 71 
74 1 71 
112 1 106 
150 1 36 
74 1 71 
74 1 71 
112 1 106 
150 1 106 
292 8 241 
327 4 107 
360 4 306 
74 1 71 
74 1 71 
74 1 71 
74 1 71 
112 1 106 
150 1 107 
112 1 141 
257 5 208 
74 1 71 
74 1 71 
74 1 71 
112 1 106 
150 1 36 
187 2 106 
222 2 209 
74 1 71 
74 1 71 
112 1 106 
150 1 106 
39 1 72 
74 1 71 
112 1 36 
112 1 106 
150 1 36 
77 1 141 
290 10 274 
74 1 71 
74 1 71 
112 1 36 
112 1 106 
40 1 72 
79 1 36 
74 1 71 
74 1 71 
112 1 106 
150 1 106 
227 3 142 
225 3 209 
371 5 175 
363 9 337 
649 5 338 
641 9 337 
629 13 597 
611 19 597 
831 2 241 
826 6 747 
795 6 32 
789 38 747 
778 12 747 
1015 20 899 
992 24 898 
978 15 898 
957 22 898 
942 16 898 
1277 25 1074 
1271 7 1074 
1260 12 1074 
1229 20 32 
1209 52 1074 
1178 17 32 
1161 49 1073 
1142 20 1073 
35 1 106 
35 1 143 
35 1 178 
35 1 213 
35 1 248 
35 1 283 
35 1 318 
35 1 35 
35 1 35 
35 1 35 
35 1 35 
35 1 35 
35 1 35 
35 1 35 
35 1 35 
35 1 35 
35 1 35 
35 1 35 
35 1 35 
35 1 35 
35 1 35 
35 1 35 
35 1 35 
35 1 35 
35 1 35 
35 1 35 
35 1 35 
35 1 35 
35 1 35 
35 1 35 
35 1 366 
35 1 401 
35 1 436 
35 1 471 
35 1 506 
35 1 505 
35 1 35 
35 1 106 
35 1 143 
35 1 178 
35 1 213 
35 1 248 
35 1 283 
35 1 318 
35 1 35 
35 1 35 
35 1 35 
35 1 35 
35 1 35 
35 1 35 
35 1 35 
35 1 35 
35 1 35 
35 1 35 
35 1 35 
35 1 35 
35 1 35 
35 1 35 
35 1 35 
35 1 35 
35 1 35 
35 1 35 
35 1 35 
35 1 35 
35 1 35 
35 1 35 
35 1 35 
35 1 366 
35 1 401 
35 1 436 
35 1 471 
35 1 506 
35 1 505 
35 1 35 
35 1 106 
35 1 143 
35 1 178 
35 1 213 
35 1 248 
35 1 283 
35 1 318 
35 1 35 
35 1 35 
35 1 35 
35 1 35 
35 1 35 
35 1 35 
35 1 35 
35 1 35 
35 1 35 
35 1 35 
35 1 35 
35 1 35 
35 1 35 
35 1 35 
35 1 35 
35 1 35 
35 1 35 
35 1 35 
35 1 35 
35 1 35 
35 1 35 
35 1 35 
35 1 35 
35 1 366 
35 1 401 
35 1 436 
35 1 471 
35 1 506 
35 1 505 
35 1 35 
35 1 106 
35 1 143 
35 1 178 
35 1 213 
35 1 248 
35 1 283 
35 1 318 
35 1 35 
35 1 35 
35 1 35 
35 1 35 
35 1 35 
35 1 35 
35 1 35 
35 1 35 
35 1 35 
35 1 35 
35 1 35 
35 1 35 
35 1 35 
35 1 35 
35 1 35 
35 1 35 
35 1 35 
35 1 35 
35 1 35 
35 1 35 
35 1 35 
35 1 35 
35 1 35 
35 1 366 
35 1 401 
35 1 436 
35 1 471 
35 1 506 
35 1 505 
35 1 35 
35 1 106 
35 1 143 
35 1 178 
35 1 213 
35 1 248 
35 1 283 
35 1 318 
35 1 35 
35 1 35 
35 1 35 
35 1 35 
35 1 35 
35 1 35 
35 1 35 
35 1 35 
35 1 35 
35 1 35 
35 1 35 
35 1 35 
35 1 35 
35 1 35 
35 1 35 
35 1 35 
35 1 35 
35 1 35 
35 1 35 
35 1 35 
35 1 35 
35 1 35 
35 1 35 
35 1 366 
35 1 401 
35 1 436 
35 1 471 
35 1 506 
35 1 505 
35 1 35 
35 1 106 
35 1 143 
35 1 178 
35 1 213 
35 1 248 
35 1 283 
35 1 318 
35 1 35 
35 1 35 
35 1 35 
35 1 35 
35 1 35 
35 1 35 
35 1 35 
35 1 35 
35 1 35 
35 1 35 
35 1 35 
35 1 35 
35 1 35 
35 1 35 
35 1 35 
35 1 35 
35 1 35 
35 1 35 
35 1 35 
35 1 35 
35 1 35 
35 1 35 
35 1 35 
35 1 366 
35 1 401 
35 1 436 
35 1 471 
35 1 506 
35 1 505 
35 1 35 
35 1 106 
35 1 143 
35 1 178 
35 1 213 
35 1 248 
35 1 283 
35 1 318 
35 1 35 
35 1 35 
35 1 35 
35 1 35 
35 1 35 
35 1 35 
35 1 35 
35 1 35 
35 1 35 
35 1 35 
35 1 35 
35 1 35 
35 1 35 
35 1 35 
35 1 35 
35 1 35 
35 1 35 
35 1 35 
35 1 35 
35 1 35 
35 1 35 
35 1 35 
35 1 35 
35 1 366 
35 1 401 
35 1 436 
35 1 471 
35 1 506 
35 1 505 
35 1 35 
35 1 106 
35 1 143 
35 1 178 
35 1 213 
35 1 248 
35 1 283 
35 1 318 
35 1 35 
35 1 35 
35 1 35 
35 1 35 
35 1 35 
35 1 35 
35 1 35 
35 1 35 
35 1 35 
35 1 35 
35 1 35 
35 1 35 
35 1 35 
35 1 35 
35 1 35 
35 1 35 
35 1 35 
35 1 35 
35 1 35 
35 1 35 
35 1 35 
35 1 35 
35 1 35 
35 1 366 
35 1 401 
35 1 436 
35 1 471 
35 1 506 
35 1 505 
35 1 35 
35 1 106 
35 1 143 
35 1 178 
35 1 213 
35 1 248 
35 1 283 
35 1 318 
35 1 35 
35 1 35 
35 1 35 
35 1 35 
35 1 35 
35 1 35 
35 1 35 
35 1 35 
35 1 35 
35 1 35 
35 1 35 
35 1 35 
35 1 35 
35 1 35 
35 1 35 
35 1 35 
35 1 35 
35 1 35 
35 1 35 
35 1 35 
35 1 35 
35 1 35 
35 1 35 
35 1 366 
35 1 401 
35 1 436 
35 1 471 
35 1 506 
35 1 505 
35 1 35 
35 1 106 
35 1 143 
35 1 178 
35 1 213 
35 1 248 
35 1 283 
35 1 318 
35 1 35 
35 1 35 
35 1 35 
35 1 35 
35 1 35 
35 1 35 
35 1 35 
35 1 35 
35 1 35 
35 1 35 
35 1 35 
35 1 35 
35 1 35 
35 1 35 
35 1 35 
35 1 35 
35 1 35 
35 1 35 
35 1 35 
35 1 35 
35 1 35 
35 1 35 
35 1 35 
35 1 366 
35 1 401 
35 1 436 
35 1 471 
35 1 506 
35 1 505 
35 1 35 
35 1 106 
35 1 143 
35 1 178 
35 1 213 
35 1 248 
35 1 283 
35 1 318 
35 1 35 
35 1 35 
35 1 35 
35 1 35 
35 1 35 
35 1 35 
35 1 35 
35 1 35 
35 1 35 
35 1 35 
35 1 35 
35 1 35 
35 1 35 
35 1 35 
35 1 35 
35 1 35 
35 1 35 
35 1 35 
35 1 35 
35 1 35 
35 1 35 
35 1 35 
35 1 35 
35 1 366 
35 1 401 
35 1 436 
35 1 471 
35 1 506 
35 1 505 
35 1 35 
35 1 106 
35 1 143 
35 1 178 
35 1 213 
35 1 248 
35 1 283 
35 1 318 
35 1 35 
35 1 35 
35 1 35 
35 1 35 
35 1 35 
35 1 35 
35 1 35 
35 1 35 
35 1 35 
35 1 35 
35 1 35 
35 1 35 
35 1 35 
35 1 35 
35 1 35 
35 1 35 
35 1 35 
35 1 35 
35 1 35 
35 1 35 
35 1 35 
35 1 35 
35 1 35 
35 1 366 
35 1 401 
35 1 436 
35 1 471 
35 1 506 
35 1 505 
35 1 35 
35 1 106 
35 1 143 
35 1 178 
35 1 213 
35 1 248 
35 1 283 
35 1 318 
35 1 35 
35 1 35 
35 1 35 
35 1 35 
35 1 35 
35 1 35 
35 1 35 
35 1 35 
35 1 35 
35 1 35 
35 1 35 
35 1 35 
35 1 35 
35 1 35 
35 1 35 
35 1 35 
35 1 35 
35 1 35 
35 1 35 
35 1 35 
35 1 35 
35 1 35 
35 1 35 
35 1 366 
35 1 401 
35 1 436 
35 1 471 
35 1 506 
35 1 505 
35 1 35 
35 1 106 
35 1 143 
35 1 178 
35 1 213 
35 1 248 
35 1 283 
35 1 318 
35 1 35 
35 1 35 
35 1 35 
35 1 35 
35 1 35 
35 1 35 
35 1 35 
35 1 35 
35 1 35 
35 1 35 
35 1 35 
35 1 35 
35 1 35 
35 1 35 
35 1 35 
35 1 35 
35 1 35 
35 1 35 
35 1 35 
35 1 35 
35 1 35 
35 1 35 
35 1 35 
35 1 366 
35 1 401 
35 1 436 
35 1 471 
35 1 506 
35 1 505 
35 1 35 
35 1 106 
35 1 143 
35 1 178 
35 1 213 
35 1 248 
35 1 283 
35 1 318 
35 1 35 
35 1 35 
35 1 35 
35 1 35 
35 1 35 
35 1 35 
35 1 35 
35 1 35 
35 1 35 
35 1 35 
35 1 35 
35 1 35 
35 1 35 
35 1 35 
35 1 35 
35 1 35 
35 1 35 
35 1 35 
35 1 35 
35 1 35 
35 1 35 
35 1 35 
35 1 35 
35 1 366 
35 1 401 
35 1 436 
35 1 471 
35 1 506 
35 1 505 
35 1 35 
35 1 106 
35 1 143 
35 1 178 
35 1 213 
35 1 248 
35 1 283 
35 1 318 
35 1 35 
35 1 35 
35 1 35 
35 1 35 
35 1 35 
35 1 35 
35 1 35 
35 1 35 
35 1 35 
35 1 35 
35 1 35 
35 1 35 
35 1 35 
35 1 35 
35 1 35 
35 1 35 
35 1 35 
35 1 35 
35 1 35 
35 1 35 
35 1 35 
35 1 35 
35 1 35 
35 1 366 
35 1 401 
35 1 436 
35 1 471 
35 1 506 
35 1 505 
35 1 35 
35 1 106 
35 1 143 
35 1 178 
35 1 213 
35 1 248 
35 1 283 
35 1 318 
35 1 35 
35 1 35 
35 1 35 
35 1 35 
35 1 35 
35 1 35 
35 1 35 
35 1 35 
35 1 35 
35 1 35 
35 1 35 
35 1 35 
35 1 35 
35 1 35 
35 1 35 
35 1 35 
35 1 35 
35 1 35 
35 1 35 
35 1 35 
35 1 35 
35 1 35 
35 1 35 
35 1 366 
35 1 401 
35 1 436 
35 1 471 
35 1 506 
35 1 505 
35 1 35 
35 1 106 
35 1 143 
35 1 178 
35 1 213 
35 1 248 
35 1 283 
35 1 318 
35 1 35 
35 1 35 
35 1 35 
35 1 35 
35 1 35 
35 1 35 
35 1 35 
35 1 35 
35 1 35 
35 1 35 
35 1 35 
35 1 35 
35 1 35 
35 1 35 
35 1 35 
35 1 35 
35 1 35 
35 1 35 
35 1 35 
35 1 35 
35 1 35 
35 1 35 
35 1 35 
35 1 366 
35 1 401 
35 1 436 
35 1 471 
35 1 506 
35 1 505 
35 1 35 
35 1 106 
35 1 143 
35 1 178 
35 1 213 
35 1 248 
35 1 283 
35 1 318 
35 1 35 
35 1 35 
35 1 35 
35 1 35 
35 1 35 
35 1 35 
35 1 35 
35 1 35 
35 1 35 
35 1 35 
35 1 35 
35 1 35 
35 1 35 
35 1 35 
35 1 35 
35 1 35 
35 1 35 
35 1 35 
35 1 35 
35 1 35 
35 1 35 
35 1 35 
35 1 35 
35 1 366 
35 1 401 
35 1 436 
35 1 471 
35 1 506 
35 1 505 
35 1 35 
35 1 106 
35 1 106 
35 1 106 
35 1 106 
35 1 106 
35 1 106 
35 1 106 
35 1 106 
35 1 106 
35 1 106 
35 1 106 
35 1 106 
35 1 106 
35 1 106 
35 1 106 
35 1 106 
35 1 106 
35 1 106 
35 1 106 
35 1 106 
35 1 143 
35 1 36 
35 1 213 
35 1 248 
35 1 283 
35 1 318 
35 1 353 
35 1 388 
35 1 423 
35 1 458 
35 1 457 
35 1 492 
35 1 35 
35 1 35 
35 1 35 
35 1 35 
35 1 35 
35 1 35 
35 1 35 
35 1 35 
35 1 35 
35 1 35 
35 1 35 
35 1 35 
35 1 35 
35 1 35 
35 1 35 
35 1 35 
35 1 511 
35 1 546 
35 1 581 
35 1 616 
35 1 651 
35 1 650 
35 1 685 
35 1 684 
35 1 35 
35 1 106 
35 1 36 
34 1 178 
35 1 213 
35 1 248 
35 1 283 
35 1 318 
35 1 35 
35 1 352 
35 1 35 
35 1 35 
35 1 35 
35 1 35 
35 1 35 
35 1 35 
35 1 35 
35 1 35 
35 1 35 
35 1 35 
35 1 35 
35 1 35 
35 1 35 
35 1 35 
35 1 35 
35 1 35 
35 1 35 
35 1 35 
35 1 35 
35 1 35 
35 1 35 
35 1 35 
35 1 329 
35 1 364 
35 1 399 
35 1 434 
35 1 469 
35 1 504 
35 1 36 
35 1 106 
35 1 36 
34 1 178 
35 1 213 
35 1 248 
35 1 283 
35 1 318 
35 1 35 
35 1 352 
35 1 35 
35 1 35 
35 1 35 
35 1 35 
35 1 35 
35 1 35 
35 1 35 
35 1 35 
35 1 35 
35 1 35 
35 1 35 
35 1 35 
35 1 35 
35 1 35 
35 1 35 
35 1 35 
35 1 35 
35 1 35 
35 1 35 
35 1 35 
35 1 35 
35 1 35 
35 1 329 
35 1 364 
35 1 399 
35 1 434 
35 1 469 
35 1 504 
35 1 36 
35 1 106 
35 1 36 
34 1 178 
35 1 213 
35 1 248 
35 1 283 
35 1 318 
35 1 35 
35 1 352 
35 1 35 
35 1 35 
35 1 35 
35 1 35 
35 1 35 
35 1 35 
35 1 35 
35 1 35 
35 1 35 
35 1 35 
35 1 35 
35 1 35 
35 1 35 
35 1 35 
35 1 35 
35 1 35 
35 1 35 
35 1 35 
35 1 35 
35 1 35 
35 1 35 
35 1 35 
35 1 329 
35 1 364 
35 1 399 
35 1 434 
35 1 469 
35 1 504 
35 1 36 
35 1 106 
35 1 36 
34 1 178 
35 1 213 
35 1 248 
35 1 283 
35 1 318 
35 1 35 
35 1 352 
35 1 35 
35 1 35 
35 1 35 
35 1 35 
35 1 35 
35 1 35 
35 1 35 
35 1 35 
35 1 35 
35 1 35 
35 1 35 
35 1 35 
35 1 35 
35 1 35 
35 1 35 
35 1 35 
35 1 35 
35 1 35 
35 1 35 
35 1 35 
35 1 35 
35 1 35 
35 1 329 
35 1 364 
35 1 399 
35 1 434 
35 1 469 
35 1 504 
35 1 36 
35 1 106 
35 1 36 
34 1 178 
35 1 213 
35 1 248 
35 1 283 
35 1 318 
35 1 35 
35 1 352 
35 1 35 
35 1 35 
35 1 35 
35 1 35 
35 1 35 
35 1 35 
35 1 35 
35 1 35 
35 1 35 
35 1 35 
35 1 35 
35 1 35 
35 1 35 
35 1 35 
35 1 35 
35 1 35 
35 1 35 
35 1 35 
35 1 35 
35 1 35 
35 1 35 
35 1 35 
35 1 329 
35 1 364 
35 1 399 
35 1 434 
35 1 469 
35 1 504 
35 1 36 
35 1 106 
35 1 36 
34 1 178 
35 1 213 
35 1 248 
35 1 283 
35 1 318 
35 1 35 
35 1 352 
35 1 35 
35 1 35 
35 1 35 
35 1 35 
35 1 35 
35 1 35 
35 1 35 
35 1 35 
35 1 35 
35 1 35 
35 1 35 
35 1 35 
35 1 35 
35 1 35 
35 1 35 
35 1 35 
35 1 35 
35 1 35 
35 1 35 
35 1 35 
35 1 35 
35 1 35 
35 1 329 
35 1 364 
35 1 399 
35 1 434 
35 1 469 
35 1 504 
35 1 36 
35 1 106 
35 1 36 
34 1 178 
35 1 213 
35 1 248 
35 1 283 
35 1 318 
35 1 35 
35 1 352 
35 1 35 
35 1 35 
35 1 35 
35 1 35 
35 1 35 
35 1 35 
35 1 35 
35 1 35 
35 1 35 
35 1 35 
35 1 35 
35 1 35 
35 1 35 
35 1 35 
35 1 35 
35 1 35 
35 1 35 
35 1 35 
35 1 35 
35 1 35 
35 1 35 
35 1 35 
35 1 329 
35 1 364 
35 1 399 
35 1 434 
35 1 469 
35 1 504 
35 1 36 
35 1 106 
35 1 36 
34 1 178 
35 1 213 
35 1 248 
35 1 283 
35 1 318 
35 1 35 
35 1 352 
35 1 35 
35 1 35 
35 1 35 
35 1 35 
35 1 35 
35 1 35 
35 1 35 
35 1 35 
35 1 35 
35 1 35 
35 1 35 
35 1 35 
35 1 35 
35 1 35 
35 1 35 
35 1 35 
35 1 35 
35 1 35 
35 1 35 
35 1 35 
35 1 35 
35 1 35 
35 1 329 
35 1 364 
35 1 399 
35 1 434 
35 1 469 
35 1 504 
35 1 36 
35 1 106 
35 1 36 
34 1 178 
35 1 213 
35 1 248 
35 1 283 
35 1 318 
35 1 35 
35 1 352 
35 1 35 
35 1 35 
35 1 35 
35 1 35 
35 1 35 
35 1 35 
35 1 35 
35 1 35 
35 1 35 
35 1 35 
35 1 35 
35 1 35 
35 1 35 
35 1 35 
35 1 35 
35 1 35 
35 1 35 
35 1 35 
35 1 35 
35 1 35 
35 1 35 
35 1 35 
35 1 329 
35 1 364 
35 1 399 
35 1 434 
35 1 469 
35 1 504 
35 1 36 
35 1 106 
35 1 36 
34 1 178 
35 1 213 
35 1 248 
35 1 283 
35 1 318 
35 1 35 
35 1 352 
35 1 35 
35 1 35 
35 1 35 
35 1 35 
35 1 35 
35 1 35 
35 1 35 
35 1 35 
35 1 35 
35 1 35 
35 1 35 
35 1 35 
35 1 35 
35 1 35 
35 1 35 
35 1 35 
35 1 35 
35 1 35 
35 1 35 
35 1 35 
35 1 35 
35 1 35 
35 1 329 
35 1 364 
35 1 399 
35 1 434 
35 1 469 
35 1 504 
35 1 36 
35 1 106 
35 1 36 
34 1 178 
35 1 213 
35 1 248 
35 1 283 
35 1 318 
35 1 35 
35 1 352 
35 1 35 
35 1 35 
35 1 35 
35 1 35 
35 1 35 
35 1 35 
35 1 35 
35 1 35 
35 1 35 
35 1 35 
35 1 35 
35 1 35 
35 1 35 
35 1 35 
35 1 35 
35 1 35 
35 1 35 
35 1 35 
35 1 35 
35 1 35 
35 1 35 
35 1 35 
35 1 329 
35 1 364 
35 1 399 
35 1 434 
35 1 469 
35 1 504 
35 1 36 
35 1 106 
35 1 36 
34 1 178 
35 1 213 
35 1 248 
35 1 283 
35 1 318 
35 1 35 
35 1 352 
35 1 35 
35 1 35 
35 1 35 
35 1 35 
35 1 35 
35 1 35 
35 1 35 
35 1 35 
35 1 35 
35 1 35 
35 1 35 
35 1 35 
35 1 35 
35 1 35 
35 1 35 
35 1 35 
35 1 35 
35 1 35 
35 1 35 
35 1 35 
35 1 35 
35 1 35 
35 1 329 
35 1 364 
35 1 399 
35 1 434 
35 1 469 
35 1 504 
35 1 36 
35 1 106 
35 1 36 
34 1 178 
35 1 213 
35 1 248 
35 1 283 
35 1 318 
35 1 35 
35 1 352 
35 1 35 
35 1 35 
35 1 35 
35 1 35 
35 1 35 
35 1 35 
35 1 35 
35 1 35 
35 1 35 
35 1 35 
35 1 35 
35 1 35 
35 1 35 
35 1 35 
35 1 35 
35 1 35 
35 1 35 
35 1 35 
35 1 35 
35 1 35 
35 1 35 
35 1 35 
35 1 329 
35 1 364 
35 1 399 
35 1 434 
35 1 469 
35 1 504 
35 1 36 
35 1 106 
35 1 36 
34 1 178 
35 1 213 
35 1 248 
35 1 283 
35 1 318 
35 1 35 
35 1 352 
35 1 35 
35 1 35 
35 1 35 
35 1 35 
35 1 35 
35 1 35 
35 1 35 
35 1 35 
35 1 35 
35 1 35 
35 1 35 
35 1 35 
35 1 35 
35 1 35 
35 1 35 
35 1 35 
35 1 35 
35 1 35 
35 1 35 
35 1 35 
35 1 35 
35 1 35 
35 1 329 
35 1 364 
35 1 399 
35 1 434 
35 1 469 
35 1 504 
35 1 36 
35 1 106 
35 1 36 
34 1 178 
35 1 213 
35 1 248 
35 1 283 
35 1 318 
35 1 35 
35 1 352 
35 1 35 
35 1 35 
35 1 35 
35 1 35 
35 1 35 
35 1 35 
35 1 35 
35 1 35 
35 1 35 
35 1 35 
35 1 35 
35 1 35 
35 1 35 
35 1 35 
35 1 35 
35 1 35 
35 1 35 
35 1 35 
35 1 35 
35 1 35 
35 1 35 
35 1 35 
35 1 329 
35 1 364 
35 1 399 
35 1 434 
35 1 469 
35 1 504 
35 1 36 
35 1 106 
35 1 36 
34 1 178 
35 1 213 
35 1 248 
35 1 283 
35 1 318 
35 1 35 
35 1 352 
35 1 35 
35 1 35 
35 1 35 
35 1 35 
35 1 35 
35 1 35 
35 1 35 
35 1 35 
35 1 35 
35 1 35 
35 1 35 
35 1 35 
35 1 35 
35 1 35 
35 1 35 
35 1 35 
35 1 35 
35 1 35 
35 1 35 
35 1 35 
35 1 35 
35 1 35 
35 1 329 
35 1 364 
35 1 399 
35 1 434 
35 1 469 
35 1 504 
35 1 36 
35 1 106 
35 1 143 
35 1 36 
35 1 213 
35 1 248 
35 1 283 
35 1 318 
35 1 353 
35 1 388 
35 1 423 
35 1 458 
35 1 457 
35 1 492 
35 1 35 
35 1 35 
35 1 35 
35 1 35 
35 1 35 
35 1 35 
35 1 35 
35 1 35 
35 1 35 
35 1 35 
35 1 35 
35 1 35 
35 1 35 
35 1 35 
35 1 35 
35 1 35 
35 1 511 
35 1 546 
35 1 581 
35 1 616 
35 1 651 
35 1 686 
35 1 721 
35 1 720 
35 1 35 
35 1 106 
35 1 143 
35 1 36 
35 1 213 
35 1 248 
35 1 283 
35 1 318 
35 1 353 
35 1 388 
35 1 423 
35 1 458 
35 1 457 
35 1 492 
35 1 35 
35 1 35 
35 1 35 
35 1 35 
35 1 35 
35 1 35 
35 1 35 
35 1 35 
35 1 35 
35 1 35 
35 1 35 
35 1 35 
35 1 35 
35 1 35 
35 1 35 
35 1 35 
35 1 511 
35 1 546 
35 1 581 
35 1 616 
35 1 651 
35 1 650 
35 1 685 
35 1 684 
35 1 35 
35 1 106 
35 1 143 
35 1 36 
35 1 213 
35 1 248 
35 1 283 
35 1 318 
35 1 353 
35 1 388 
35 1 423 
35 1 458 
35 1 457 
35 1 492 
35 1 35 
35 1 35 
35 1 35 
35 1 35 
35 1 35 
35 1 35 
35 1 35 
35 1 35 
35 1 35 
35 1 35 
35 1 35 
35 1 35 
35 1 35 
35 1 35 
35 1 35 
35 1 35 
35 1 511 
35 1 546 
35 1 581 
35 1 616 
35 1 651 
35 1 650 
35 1 685 
35 1 684 
35 1 35 
35 1 106 
35 1 143 
35 1 36 
35 1 213 
35 1 248 
35 1 283 
35 1 318 
35 1 353 
35 1 388 
35 1 423 
35 1 458 
35 1 457 
35 1 492 
35 1 35 
35 1 35 
35 1 35 
35 1 35 
35 1 35 
35 1 35 
35 1 35 
35 1 35 
35 1 35 
35 1 35 
35 1 35 
35 1 35 
35 1 35 
35 1 35 
35 1 35 
35 1 35 
35 1 511 
35 1 546 
35 1 581 
35 1 616 
35 1 651 
35 1 686 
35 1 721 
35 1 720 
35 1 35 
35 1 106 
35 1 143 
35 1 36 
35 1 213 
35 1 248 
35 1 283 
35 1 318 
35 1 353 
35 1 388 
35 1 423 
35 1 458 
35 1 457 
35 1 492 
35 1 35 
35 1 35 
35 1 35 
35 1 35 
35 1 35 
35 1 35 
35 1 35 
35 1 35 
35 1 35 
35 1 35 
35 1 35 
35 1 35 
35 1 35 
35 1 35 
35 1 35 
35 1 35 
35 1 511 
35 1 546 
35 1 581 
35 1 616 
35 1 651 
35 1 686 
35 1 721 
35 1 720 
35 1 35 
35 1 106 
35 1 143 
35 1 36 
35 1 213 
35 1 248 
35 1 283 
35 1 318 
35 1 353 
35 1 388 
35 1 423 
35 1 458 
35 1 457 
35 1 492 
35 1 35 
35 1 35 
35 1 35 
35 1 35 
35 1 35 
35 1 35 
35 1 35 
35 1 35 
35 1 35 
35 1 35 
35 1 35 
35 1 35 
35 1 35 
35 1 35 
35 1 35 
35 1 35 
35 1 511 
35 1 546 
35 1 581 
35 1 616 
35 1 651 
35 1 650 
35 1 685 
35 1 684 
35 1 35 
35 1 106 
35 1 143 
35 1 36 
35 1 213 
35 1 248 
35 1 283 
35 1 318 
35 1 353 
35 1 388 
35 1 423 
35 1 458 
35 1 457 
35 1 492 
35 1 35 
35 1 35 
35 1 35 
35 1 35 
35 1 35 
35 1 35 
35 1 35 
35 1 35 
35 1 35 
35 1 35 
35 1 35 
35 1 35 
35 1 35 
35 1 35 
35 1 35 
35 1 35 
35 1 511 
35 1 546 
35 1 581 
35 1 616 
35 1 651 
35 1 686 
35 1 721 
35 1 720 
35 1 35 
35 1 106 
35 1 143 
35 1 36 
35 1 213 
35 1 248 
35 1 283 
35 1 318 
35 1 353 
35 1 388 
35 1 423 
35 1 458 
35 1 457 
35 1 492 
35 1 35 
35 1 35 
35 1 35 
35 1 35 
35 1 35 
35 1 35 
35 1 35 
35 1 35 
35 1 35 
35 1 35 
35 1 35 
35 1 35 
35 1 35 
35 1 35 
35 1 35 
35 1 35 
35 1 511 
35 1 546 
35 1 581 
35 1 616 
35 1 651 
35 1 650 
35 1 685 
35 1 684 
35 1 35 
35 1 106 
35 1 143 
35 1 36 
35 1 213 
35 1 248 
35 1 283 
35 1 318 
35 1 353 
35 1 388 
35 1 423 
35 1 458 
35 1 457 
35 1 492 
35 1 35 
35 1 35 
35 1 35 
35 1 35 
35 1 35 
35 1 35 
35 1 35 
35 1 35 
35 1 35 
35 1 35 
35 1 35 
35 1 35 
35 1 35 
35 1 35 
35 1 35 
35 1 35 
35 1 511 
35 1 546 
35 1 581 
35 1 616 
35 1 651 
35 1 650 
35 1 685 
35 1 684 
35 1 35 
35 1 106 
35 1 143 
35 1 36 
35 1 213 
35 1 248 
35 1 283 
35 1 318 
35 1 353 
35 1 388 
35 1 423 
35 1 458 
35 1 457 
35 1 492 
35 1 35 
35 1 35 
35 1 35 
35 1 35 
35 1 35 
35 1 35 
35 1 35 
35 1 35 
35 1 35 
35 1 35 
35 1 35 
35 1 35 
35 1 35 
35 1 35 
35 1 35 
35 1 35 
35 1 511 
35 1 546 
35 1 581 
35 1 616 
35 1 651 
35 1 650 
35 1 685 
35 1 684 
35 1 35 
35 1 106 
35 1 143 
35 1 36 
35 1 213 
35 1 248 
35 1 283 
35 1 318 
35 1 353 
35 1 388 
35 1 423 
35 1 458 
35 1 457 
35 1 492 
35 1 35 
35 1 35 
35 1 35 
35 1 35 
35 1 35 
35 1 35 
35 1 35 
35 1 35 
35 1 35 
35 1 35 
35 1 35 
35 1 35 
35 1 35 
35 1 35 
35 1 35 
35 1 35 
35 1 511 
35 1 546 
35 1 581 
35 1 616 
35 1 651 
35 1 686 
35 1 721 
35 1 720 
35 1 35 
35 1 106 
35 1 143 
35 1 36 
35 1 213 
35 1 248 
35 1 283 
35 1 318 
35 1 353 
35 1 388 
35 1 423 
35 1 458 
35 1 457 
35 1 492 
35 1 35 
35 1 35 
35 1 35 
35 1 35 
35 1 35 
35 1 35 
35 1 35 
35 1 35 
35 1 35 
35 1 35 
35 1 35 
35 1 35 
35 1 35 
35 1 35 
35 1 35 
35 1 35 
35 1 511 
35 1 546 
35 1 581 
35 1 616 
35 1 651 
35 1 650 
35 1 685 
35 1 684 
35 1 35 
35 1 106 
35 1 143 
35 1 36 
35 1 213 
35 1 248 
35 1 283 
35 1 318 
35 1 353 
35 1 388 
35 1 423 
35 1 458 
35 1 457 
35 1 492 
35 1 35 
35 1 35 
35 1 35 
35 1 35 
35 1 35 
35 1 35 
35 1 35 
35 1 35 
35 1 35 
35 1 35 
35 1 35 
35 1 35 
35 1 35 
35 1 35 
35 1 35 
35 1 35 
35 1 511 
35 1 546 
35 1 581 
35 1 616 
35 1 651 
35 1 686 
35 1 721 
35 1 720 
35 1 35 
35 1 106 
35 1 143 
74 1 71 
35 1 106 
34 1 143 
35 25 657 
121 1 36 
121 1 36 
121 1 36 
121 1 36 
121 1 36 
121 1 36 
121 1 36 
121 1 36 
121 1 36 
121 1 36 
121 1 36 
121 1 36 
158 1 71 
35 1 178 
159 1 71 
196 1 36 
196 1 36 
196 1 36 
196 1 36 
196 1 36 
196 1 36 
196 1 36 
196 1 36 
196 1 36 
196 1 36 
198 4 32 
194 36 1739 
576 24 1897 
611 1 71 
622 25 1993 
73 1 71 
657 1 71 
657 1 71 
731 17 32 
714 49 2142 
749 1 71 
749 1 71 
749 1 71 
782 3 876 
748 2 2324 
890 38 32 
858 6 32 
852 70 2384 
921 1 37 
909 14 527 
887 1 71 
975 4 3044 
1009 1 3043 
1043 1 3042 
1077 1 3076 
1110 2 3146 
1198 3 3145 
1779 6 3211 
1813 1 503 
1813 1 3438 
1847 1 3437 
1878 5 3469 
1899 14 3611 
1941 357 32 
1960 325 32 
2472 293 32 
2440 261 32 
2408 229 32 
2376 197 32 
2344 165 32 
2312 133 32 
2280 101 32 
2248 69 32 
2216 37 32 
2184 5 32 
2179 389 4315 
35 1 503 
2251 3 4312 
2287 2 4311 
2290 1 538 
2317 4 4308 
2382 1 538 
2380 3 4304 
2380 1 4303 
2380 1 4302 
2380 1 4301 
2380 1 4301 
2380 1 4300 
2380 1 4299 
2380 1 4298 
2380 1 4297 
2380 1 4296 
2380 1 4304 
2379 2 4302 
2379 1 4301 
2379 1 4300 
2379 1 4299 
2376 4 4295 
2376 1 4294 
2376 1 4293 
2376 1 4301 
2375 2 4299 
2375 1 4298 
2373 3 4330 
2372 2 4328 
2372 1 4327 
2371 2 4334 
2371 1 4342 
2371 1 4341 
2369 3 4338 
2368 2 4336 
2368 1 4335 
2368 1 4334 
2368 1 4333 
2366 3 4330 
2366 1 4329 
2365 2 4327 
2365 1 4335 
2363 3 4332 
2362 2 4330 
2362 1 4338 
2361 2 4336 
2361 1 4335 
2359 3 4341 
2359 1 4340 
2358 2 4338 
2358 1 4337 
2358 1 4336 
2358 1 4335 
2358 1 4334 
2358 1 4333 
2358 1 4332 
2358 1 4331 
2354 5 4326 
2352 3 4323 
2350 3 4320 
2350 1 4319 
2349 2 4317 
2348 2 4315 
2348 1 4314 
2348 1 4313 
2346 3 4310 
2344 3 4307 
2341 4 4303 
2338 4 4339 
2335 4 4335 
2335 1 4334 
2334 2 4332 
2334 1 4331 
2332 3 4329 
2332 1 4328 
2332 1 4327 
2332 1 4334 
2332 1 4333 
2332 1 4332 
2332 1 4331 
2330 3 4336 
2330 1 4335 
2329 2 4333 
2327 3 4330 
2327 1 4329 
2326 2 4327 
2326 1 4326 
2326 1 4325 
2324 3 4322 
2323 2 4320 
2322 2 4318 
2322 1 4317 
2320 3 4314 
2320 1 4313 
2320 1 4312 
2318 3 4309 
2317 2 4307 
2317 1 4306 
2317 1 4305 
2316 2 4303 
2315 2 4301 
2313 3 4299 
2313 1 4298 
2313 1 4297 
2313 1 4296 
2313 1 4295 
2313 1 4294 
2313 1 4293 
2313 1 4292 
2313 1 4291 
2313 1 4290 
2313 1 4289 
2313 1 4288 
2313 1 4287 
2313 1 4323 
2313 1 4359 
2313 1 4358 
2313 1 4394 
2313 1 4430 
2313 1 4429 
2313 1 4465 
2313 1 4501 
2313 1 4500 
2313 1 4499 
2313 1 4498 
2313 1 4497 
2313 1 4496 
2313 1 4495 
2313 1 4494 
2313 1 4493 
2313 1 4492 
2313 1 4491 
2313 1 4490 
2313 1 4489 
2313 1 4488 
2313 1 4487 
2313 1 4486 
2313 1 4485 
2313 1 4484 
2313 1 4483 
2313 1 4482 
2313 1 4481 
2313 1 4480 
2313 1 4479 
2313 1 4478 
2313 1 4477 
2313 1 4476 
2313 1 4475 
2313 1 4474 
2313 1 4473 
2313 1 4472 
2313 1 4471 
2313 1 4470 
2313 1 4469 
2313 1 35 
2313 1 4471 
2313 1 4470 
2313 1 4469 
2313 1 4468 
2313 1 4467 
2313 1 4466 
2313 1 4465 
2313 1 4464 
2313 1 4463 
2313 1 4462 
2313 1 4461 
2313 1 4460 
2313 1 4459 
2313 1 4458 
2313 1 4457 
2313 1 4456 
2313 1 4455 
2313 1 4454 
2313 1 4453 
2313 1 4452 
2313 1 4451 
2313 1 4450 
2313 1 4449 
2313 1 4448 
2313 1 4447 
2313 1 4446 
2313 1 4445 
2313 1 4444 
2313 1 4443 
2313 1 35 
2313 1 4445 
2313 1 4444 
2313 1 4443 
2313 1 4442 
2313 1 4441 
2313 1 4440 
2313 1 4439 
2313 1 4438 
2313 1 4437 
2313 1 4436 
2313 1 4435 
2313 1 4434 
2313 1 4433 
2313 1 4432 
2313 1 4431 
2313 1 4430 
2313 1 4429 
2313 1 4428 
2313 1 4427 
2313 1 4426 
2313 1 4425 
2313 1 4424 
2313 1 4423 
2313 1 4455 
2313 1 4454 
2313 1 4486 
2313 1 4485 
2313 1 35 
2313 1 4485 
2313 1 4484 
2313 1 4483 
2313 1 4482 
2313 1 35 
2313 1 4480 
2313 1 35 
2313 1 4478 
2313 1 4477 
2313 1 4476 
2313 1 4475 
2313 1 4474 
2313 1 4473 
2313 1 4472 
2313 1 4471 
2313 1 4470 
2313 1 4469 
2313 1 4468 
2313 1 4499 
2313 1 4498 
2313 1 4497 
2313 1 4496 
2313 1 4495 
2313 1 4494 
2313 1 4493 
2313 1 4492 
2313 1 4491 
2313 1 4490 
2313 1 4489 
2313 1 4488 
2313 1 4487 
2313 1 4486 
2313 1 4485 
2313 1 35 
2313 1 4484 
2313 1 4483 
2313 1 4482 
2313 1 35 
2313 1 4480 
2313 1 35 
2313 1 4478 
2313 1 35 
2313 1 4476 
2313 1 4475 
2313 1 4474 
2313 1 4473 
2313 1 4472 
2313 1 4471 
2313 1 4470 
2313 1 4469 
2313 1 4468 
2313 1 4467 
2313 1 4466 
2313 1 4465 
2313 1 4464 
2313 1 4463 
2313 1 4462 
2313 1 4461 
2313 1 4460 
2313 1 4459 
2313 1 4458 
2313 1 4457 
2313 1 4456 
2313 1 4455 
2313 1 4454 
2313 1 4453 
2313 1 4452 
2313 1 4451 
2313 1 4450 
2313 1 4449 
2313 1 4448 
2313 1 4447 
2313 1 4446 
2313 1 4445 
2313 1 4444 
2313 1 4443 
2313 1 4442 
2313 1 4441 
2313 1 4440 
2313 1 4439 
2313 1 4438 
2313 1 4437 
2313 1 4436 
2313 1 4435 
2313 1 4434 
2313 1 4433 
2313 1 4432 
2313 1 4431 
2313 1 4430 
2313 1 4429 
2313 1 4428 
2313 1 4427 
2313 1 4426 
2313 1 4425 
2313 1 4424 
2313 1 4423 
2313 1 4422 
2313 1 4421 
2313 1 4420 
2313 1 4419 
2313 1 4418 
2313 1 4417 
2313 1 4416 
2313 1 4415 
2313 1 4414 
2313 1 4413 
2313 1 4412 
2313 1 4411 
2313 1 4410 
2313 1 4409 
2313 1 35 
2313 1 4408 
2313 1 4407 
2313 1 4406 
2313 1 4405 
2313 1 4404 
2313 1 4403 
2313 1 4432 
2313 1 4431 
2313 1 4430 
2313 1 4429 
2313 1 4428 
2313 1 4427 
2313 1 4426 
2313 1 4425 
2313 1 36 
2313 1 4423 
2313 1 4422 
2313 1 4421 
2313 1 4420 
2313 1 4419 
2313 1 4418 
2313 1 4417 
2313 1 4416 
2313 1 4415 
2313 1 4414 
2313 1 4413 
2313 1 4412 
2313 1 4411 
2313 1 4410 
2313 1 4409 
2313 1 4408 
2313 1 4407 
2313 1 4406 
2313 1 4405 
2313 1 4404 
2313 1 4403 
2313 1 4402 
2313 1 4401 
2313 1 4400 
2313 1 4399 
2313 1 4398 
2313 1 4397 
2313 1 4396 
2313 1 4395 
2313 1 4394 
2313 1 4393 
2313 1 4392 
2313 1 4391 
2313 1 4390 
2313 1 4389 
2313 1 36 
2313 1 4387 
2313 1 4386 
2313 1 4385 
2313 1 4384 
2313 1 4383 
2313 1 4382 
2313 1 4381 
2313 1 4380 
2313 1 4379 
2313 1 4378 
2313 1 4377 
2313 1 4376 
2313 1 4375 
2313 1 4374 
2313 1 4373 
2313 1 4372 
2313 1 4371 
2313 1 4370 
2313 1 4369 
2313 1 35 
2313 1 4367 
2313 1 4366 
2313 1 4365 
2313 1 4364 
2313 1 4363 
2313 1 4362 
2313 1 4361 
2313 1 4360 
2313 1 4359 
2313 1 4358 
2313 1 4357 
2313 1 4356 
2313 1 4355 
2313 1 4354 
2313 1 35 
2313 1 36 
2313 1 4351 
2313 1 4350 
2313 1 4349 
2313 1 4348 
2313 1 4347 
2313 1 4346 
2313 1 4345 
2313 1 4344 
2313 1 4343 
2313 1 4342 
2313 1 4341 
2313 1 4340 
2313 1 4339 
2313 1 4338 
2313 1 4337 
2313 1 4336 
2313 1 4335 
2313 1 4334 
2313 1 4333 
2313 1 4332 
2313 1 4331 
2313 1 4330 
2313 1 4329 
2313 1 4328 
2313 1 4327 
2313 1 4326 
2313 1 4325 
2313 1 4324 
2313 1 4323 
2313 1 4322 
2313 1 4321 
2313 1 36 
2313 1 4319 
2313 1 4318 
2313 1 4317 
2313 1 4316 
2313 1 4315 
2313 1 4314 
2313 1 4313 
2313 1 4312 
2313 1 4311 
2313 1 4310 
2313 1 4309 
2313 1 4308 
2313 1 4307 
2313 1 4306 
2313 1 4305 
2313 1 4304 
2313 1 4303 
2313 1 4302 
2313 1 4301 
2313 1 4300 
2313 1 4299 
2313 1 4298 
2313 1 4297 
2313 1 4296 
2313 1 4295 
2313 1 4294 
2313 1 4293 
2313 1 4292 
2313 1 4291 
2313 1 4290 
2313 1 4289 
2313 1 4288 
2313 1 4287 
2313 1 4286 
2313 1 4285 
2313 1 36 
2313 1 4283 
2313 1 4282 
2313 1 4281 
2313 1 4280 
2313 1 4279 
2313 1 4278 
2313 1 4277 
2313 1 4276 
2313 1 4275 
2313 1 4274 
2313 1 4273 
2313 1 4272 
2313 1 4271 
2313 1 4270 
2313 1 4269 
2313 1 4268 
2313 1 4267 
2313 1 4266 
2313 1 4265 
2313 1 4264 
2313 1 4263 
2313 1 4262 
2313 1 4261 
2313 1 4260 
2313 1 4259 
2313 1 4258 
2313 1 4257 
2313 1 4256 
2313 1 4255 
2313 1 4254 
2313 1 4253 
2313 1 4252 
2313 1 4251 
2313 1 4250 
2313 1 36 
2313 1 4248 
2313 1 4247 
2313 1 4246 
2313 1 4245 
2313 1 4244 
2313 1 4243 
2313 1 4242 
2313 1 4241 
2313 1 4240 
2313 1 4239 
2313 1 4238 
2313 1 4237 
2313 1 4236 
2313 1 35 
2313 1 4234 
2313 1 4233 
2313 1 4232 
2313 1 4231 
2313 1 4230 
2313 1 4229 
2313 1 4228 
2313 1 4227 
2313 1 4226 
2313 1 4225 
2313 1 4224 
2313 1 4223 
2313 1 4222 
2313 1 4221 
2313 1 4220 
2313 1 4219 
2313 1 4218 
2313 1 4217 
2313 1 36 
2313 1 4215 
2313 1 4214 
2313 1 4213 
2313 1 4212 
2313 1 4211 
2313 1 4210 
2313 1 4209 
2313 1 4208 
2313 1 4207 
2313 1 4206 
2313 1 4205 
2313 1 4204 
2313 1 4203 
2313 1 4202 
2313 1 4201 
2313 1 4200 
2313 1 4199 
2313 1 4198 
2313 1 4197 
2313 1 4196 
2313 1 4195 
2313 1 4194 
2313 1 4193 
2313 1 4192 
2313 1 4191 
2313 1 4190 
2313 1 4189 
2313 1 4188 
2313 1 4187 
2313 1 4186 
2313 1 4185 
2313 1 4184 
2313 1 35 
2313 1 36 
2313 1 4181 
2313 1 4180 
2313 1 4179 
2313 1 4178 
2313 1 4177 
2313 1 4176 
2313 1 4175 
2313 1 4174 
2313 1 4173 
2313 1 4172 
2313 1 4171 
2313 1 4170 
2313 1 4169 
2313 1 4168 
2313 1 4167 
2313 1 4166 
2313 1 4165 
2313 1 4164 
2313 1 4163 
2313 1 4162 
2313 1 4161 
2313 1 4160 
2313 1 4159 
2313 1 4158 
2313 1 4157 
2313 1 4156 
2313 1 4155 
2313 1 4154 
2313 1 4153 
2313 1 4152 
2313 1 4151 
2313 1 4150 
2313 1 4149 
2313 1 35 
2313 1 36 
2313 1 4146 
2313 1 4145 
2313 1 4144 
2313 1 4143 
2313 1 4142 
2313 1 4141 
2313 1 4140 
2313 1 4139 
2313 1 4138 
2313 1 4137 
2313 1 4136 
2313 1 4135 
2313 1 4134 
2313 1 4133 
2313 1 4132 
2313 1 4131 
2313 1 4130 
2313 1 4129 
2313 1 4128 
2313 1 4127 
2313 1 4126 
2313 1 4125 
2313 1 4124 
2313 1 4123 
2313 1 4122 
2313 1 4121 
2313 1 4120 
2313 1 4119 
2313 1 4118 
2313 1 4117 
2313 1 35 
2313 1 36 
2313 1 4114 
2313 1 4113 
2313 1 4112 
2313 1 4111 
2313 1 4110 
2313 1 4109 
2313 1 4108 
2313 1 4107 
2313 1 4106 
2313 1 4105 
2313 1 4104 
2313 1 4103 
2313 1 4102 
2313 1 4101 
2313 1 4100 
2313 1 4099 
2313 1 4098 
2313 1 4097 
2313 1 35 
2313 1 4095 
2313 1 4094 
2313 1 4093 
2313 1 4092 
2313 1 4091 
2313 1 4090 
2313 1 4089 
2313 1 4088 
2313 1 4087 
2313 1 4086 
2313 1 4085 
2313 1 4084 
2313 1 4083 
2313 1 4082 
2313 1 35 
2313 1 36 
2313 1 4079 
2313 1 4078 
2313 1 4077 
2313 1 4076 
2313 1 4075 
2313 1 4074 
2313 1 4073 
2313 1 4072 
2313 1 4071 
2313 1 4070 
2313 1 4069 
2313 1 4068 
2313 1 4067 
2313 1 4066 
2313 1 4065 
2313 1 35 
2313 1 4063 
2313 1 4062 
2313 1 4061 
2313 1 4060 
2313 1 4059 
2313 1 4058 
2313 1 4057 
2313 1 4056 
2313 1 4055 
2313 1 4054 
2313 1 4053 
2313 1 4052 
2313 1 4051 
2313 1 4050 
2313 1 4049 
2313 1 4048 
2313 1 4047 
2313 1 4046 
2313 1 36 
2313 1 4044 
2313 1 4043 
2313 1 4042 
2313 1 4041 
2313 1 4040 
2313 1 4039 
2313 1 4038 
2313 1 4037 
2313 1 4036 
2313 1 4035 
2313 1 4034 
2313 1 4033 
2313 1 4032 
2313 1 4031 
2313 1 4030 
2313 1 35 
2313 1 4028 
2313 1 4027 
2313 1 4026 
2313 1 4025 
2313 1 4024 
2313 1 4023 
2313 1 4022 
2313 1 4021 
2313 1 4020 
2313 1 4019 
2313 1 4018 
2313 1 4017 
2313 1 4016 
2313 1 4015 
2313 1 35 
2313 1 36 
2313 1 4012 
2313 1 4011 
2313 1 4010 
2313 1 4009 
2313 1 4008 
2313 1 4007 
2313 1 4006 
2313 1 4005 
2313 1 4004 
2313 1 4003 
2313 1 4002 
2313 1 4001 
2313 1 4000 
2313 1 3999 
2313 1 3998 
2313 1 3997 
2313 1 3996 
2313 1 3995 
2313 1 3994 
2313 1 3993 
2313 1 3992 
2313 1 3991 
2313 1 3990 
2313 1 3989 
2313 1 3988 
2313 1 3987 
2313 1 3986 
2313 1 3985 
2313 1 3984 
2313 1 3983 
2313 1 3982 
2313 1 3981 
2313 1 3980 
2313 1 36 
2313 1 3978 
2313 1 3977 
2313 1 3976 
2313 1 3975 
2313 1 3974 
2313 1 3973 
2313 1 3972 
2313 1 3971 
2313 1 3970 
2313 1 3969 
2313 1 3968 
2313 1 3967 
2313 1 3966 
2313 1 3965 
2313 1 3964 
2313 1 3963 
2313 1 3962 
2313 1 3961 
2313 1 3960 
2313 1 3959 
2313 1 3958 
2313 1 3957 
2313 1 3956 
2313 1 3955 
2313 1 3954 
2313 1 3953 
2313 1 3952 
2313 1 3951 
2313 1 3950 
2313 1 3949 
2313 1 3948 
2313 1 3947 
2313 1 3946 
2313 1 3945 
2313 1 35 
2313 1 36 
2313 1 3942 
2313 1 3941 
2313 1 3940 
2313 1 3939 
2313 1 3938 
2313 1 3937 
2313 1 3936 
2313 1 3935 
2313 1 3934 
2313 1 3933 
2313 1 3932 
2313 1 3931 
2313 1 3930 
2313 1 3929 
2313 1 3928 
2313 1 3927 
2313 1 3926 
2313 1 3925 
2313 1 3924 
2313 1 3923 
2313 1 3922 
2313 1 3921 
2313 1 3920 
2313 1 3919 
2313 1 3918 
2313 1 3917 
2313 1 3916 
2313 1 3915 
2313 1 3914 
2313 1 3913 
2313 1 3912 
2313 1 3911 
2313 1 3910 
2313 1 36 
2313 1 3908 
2313 1 3907 
2313 1 3906 
2313 1 3905 
2313 1 3904 
2313 1 3903 
2313 1 3902 
2313 1 3901 
2313 1 3900 
2313 1 3899 
2313 1 3898 
2313 1 3897 
2313 1 3896 
2313 1 3895 
2313 1 3894 
2313 1 3893 
2313 1 3892 
2313 1 3891 
2313 1 3890 
2313 1 3889 
2313 1 3888 
2313 1 3887 
2313 1 3886 
2313 1 3885 
2313 1 3884 
2313 1 3883 
2313 1 3882 
2313 1 3881 
2313 1 3880 
2313 1 35 
2313 1 36 
2313 1 3877 
2313 1 3876 
2313 1 3875 
2313 1 3874 
2313 1 3873 
2313 1 3872 
2313 1 3871 
2313 1 3870 
2313 1 3869 
2313 1 3868 
2313 1 3867 
2313 1 3866 
2313 1 3865 
2313 1 3864 
2313 1 3863 
2313 1 3862 
2313 1 3861 
2313 1 3860 
2313 1 3859 
2313 1 3858 
2313 1 3857 
2313 1 3856 
2313 1 3855 
2313 1 3854 
2313 1 3853 
2313 1 3852 
2313 1 3851 
2313 1 3850 
2313 1 3849 
2313 1 3848 
2313 1 3847 
2313 1 3846 
2313 1 3845 
2313 1 3844 
2313 1 36 
2313 1 3842 
2313 1 3841 
2313 1 3840 
2313 1 3839 
2313 1 3838 
2313 1 3837 
2313 1 3836 
2313 1 3835 
2313 1 3834 
2313 1 3833 
2313 1 3832 
2313 1 3831 
2313 1 3830 
2313 1 3829 
2313 1 3828 
2313 1 3827 
2313 1 3826 
2313 1 3825 
2313 1 3824 
2313 1 3823 
2313 1 3822 
2313 1 3821 
2313 1 3820 
2313 1 3819 
2313 1 3818 
2313 1 3817 
2313 1 3816 
2313 1 3815 
2313 1 3814 
2313 1 3813 
2313 1 3812 
2313 1 3811 
2313 1 3810 
2313 1 3809 
2313 1 35 
2313 1 36 
2313 1 3806 
2313 1 3805 
2313 1 3804 
2313 1 3803 
2313 1 3802 
2313 1 3801 
2313 1 3800 
2313 1 3799 
2313 1 3798 
2313 1 3797 
2313 1 3796 
2313 1 3795 
2313 1 3794 
2313 1 3793 
2313 1 3792 
2313 1 3791 
2313 1 3790 
2313 1 3789 
2313 1 3788 
2313 1 3787 
2313 1 3786 
2313 1 3785 
2313 1 3784 
2313 1 3783 
2313 1 3782 
2313 1 3781 
2313 1 3780 
2313 1 3779 
2313 1 3778 
2313 1 3777 
2313 1 3776 
2313 1 3775 
2313 1 3774 
2313 1 3773 
2313 1 36 
2313 1 3771 
2313 1 3770 
2313 1 3769 
2313 1 3768 
2313 1 3767 
2313 1 3766 
2313 1 3765 
2313 1 3764 
2313 1 3763 
2313 1 3762 
2313 1 3761 
2313 1 3760 
2313 1 3759 
2313 1 3758 
2313 1 3757 
2313 1 3756 
2313 1 3755 
2313 1 3754 
2313 1 3753 
2313 1 3752 
2313 1 3751 
2313 1 3750 
2313 1 3749 
2313 1 3748 
2313 1 3747 
2313 1 3746 
2313 1 3745 
2313 1 3744 
2313 1 3743 
2313 1 3742 
2313 1 3741 
2313 1 3740 
2313 1 3739 
2313 1 35 
2313 1 36 
2313 1 3736 
2313 1 3735 
2313 1 3734 
2313 1 3733 
2313 1 3732 
2313 1 3731 
2313 1 3730 
2313 1 3729 
2313 1 3728 
2313 1 3727 
2313 1 3726 
2313 1 3725 
2313 1 3724 
2313 1 3723 
2313 1 3722 
2313 1 3721 
2313 1 3720 
2313 1 3719 
2313 1 3718 
2313 1 3717 
2313 1 3716 
2313 1 3715 
2313 1 3714 
2313 1 3713 
2313 1 3712 
2313 1 3711 
2313 1 3710 
2313 1 3709 
2313 1 3708 
2313 1 36 
2313 1 3706 
2313 1 3705 
2313 1 3704 
2313 1 3703 
2313 1 3702 
2313 1 3701 
2313 1 3700 
2313 1 3699 
2313 1 3698 
2313 1 3697 
2313 1 3696 
2313 1 3695 
2313 1 3694 
2313 1 3693 
2313 1 3692 
2313 1 3691 
2313 1 3690 
2313 1 3689 
2313 1 3688 
2313 1 3687 
2313 1 3686 
2313 1 3685 
2313 1 3684 
2313 1 3683 
2313 1 3682 
2313 1 3681 
2313 1 3680 
2313 1 3679 
2313 1 3678 
2313 1 3677 
2313 1 3676 
2313 1 3675 
2313 1 3674 
2313 1 3673 
2313 1 3672 
2313 1 3671 
2313 1 3670 
2313 1 3669 
2313 1 3668 
2313 1 3667 
2313 1 3666 
2313 1 3665 
2313 1 3664 
2313 1 3663 
2313 1 3662 
2313 1 3661 
2313 1 3660 
2313 1 3659 
2313 1 35 
2313 1 3657 
2313 1 35 
2313 1 3655 
2313 1 3654 
2313 1 3653 
2313 1 3652 
2313 1 3651 
2313 1 3650 
2313 1 3649 
2313 1 3648 
2313 1 3647 
2313 1 3646 
2313 1 3645 
2313 1 3644 
2313 1 3643 
2313 1 3642 
2313 1 3641 
2313 1 3640 
2313 1 3639 
2313 1 3638 
2313 1 3637 
2313 1 3636 
2313 1 3635 
2313 1 35 
2313 1 3633 
2313 1 3632 
2313 1 3631 
2313 1 3630 
2313 1 35 
2313 1 3628 
2313 1 35 
2313 1 3626 
2313 1 3625 
2313 1 3624 
2313 1 35 
2313 1 35 
2313 1 3621 
2313 1 3620 
2313 1 3619 
2313 1 3618 
2313 1 3617 
2313 1 3616 
2313 1 3615 
2313 1 3614 
2313 1 3613 
2313 1 3612 
2313 1 3611 
2313 1 3610 
2313 1 3609 
2313 1 3608 
2313 1 3607 
2313 1 3606 
2313 1 35 
2313 1 35 
2313 1 3603 
2313 1 3602 
2313 1 3601 
2313 1 35 
2313 1 3599 
2313 1 35 
2313 1 3597 
2313 1 35 
2313 1 3595 
2313 1 3594 
2313 1 3593 
2313 1 35 
2313 1 3591 
2313 1 3590 
2313 1 3589 
2313 1 3588 
2313 1 3587 
2313 1 3586 
2313 1 3585 
2313 1 3584 
2313 1 3583 
2313 1 3582 
2313 1 3581 
2313 1 3580 
2313 1 3579 
2313 1 3578 
2313 1 3577 
2313 1 3576 
2313 1 3575 
2313 1 35 
2313 1 3573 
2313 1 35 
2313 1 35 
2313 1 35 
2313 1 3569 
2313 1 3568 
2313 1 3567 
2313 1 35 
2313 1 3565 
2313 1 35 
2313 1 3563 
2313 1 35 
2313 1 3561 
2313 1 3560 
2313 1 3559 
2313 1 35 
2313 1 35 
2313 1 3556 
2313 1 3555 
2313 1 3554 
2313 1 3553 
2313 1 3552 
2313 1 3551 
2313 1 3550 
2313 1 3549 
2313 1 35 
2313 1 3547 
2313 1 3546 
2313 1 3545 
2313 1 3544 
2313 1 35 
2313 1 35 
2313 1 3541 
2313 1 35 
2313 1 3539 
2313 1 35 
2313 1 35 
2313 1 35 
2313 1 3535 
2313 1 3534 
2313 1 3533 
2313 1 35 
2313 1 3531 
2313 1 35 
2313 1 3529 
2313 1 35 
2313 1 3527 
2313 1 3526 
2313 1 3525 
2313 1 35 
2313 1 35 
2313 1 3522 
2313 1 3521 
2313 1 3520 
2313 1 3519 
2313 1 3518 
2313 1 3517 
2313 1 3516 
2313 1 3515 
2313 1 35 
2313 1 35 
2313 1 3512 
2313 1 3511 
2313 1 3510 
2313 1 3509 
2313 1 3508 
2313 1 35 
2313 1 35 
2313 1 35 
2313 1 35 
2313 1 35 
2313 1 35 
2313 1 3501 
2313 1 3500 
2313 1 3499 
2313 1 35 
2313 1 3497 
2313 1 35 
2313 1 3495 
2313 1 35 
2313 1 3493 
2313 1 3492 
2313 1 3491 
2313 1 35 
2313 1 35 
2313 1 35 
2313 1 35 
2313 1 35 
2313 1 35 
2313 1 3484 
2313 1 3483 
2313 1 3482 
2313 1 3481 
2313 1 3480 
2313 1 35 
2313 1 36 
2313 1 3477 
2312 2 3475 
2312 1 3474 
2310 3 3471 
2310 1 3470 
2309 2 3468 
2308 2 3466 
2308 1 35 
2305 4 3461 
2305 1 35 
2305 1 3459 
3415 101 32 
3383 69 32 
3351 37 32 
3319 5 32 
3314 133 3327 
3291 24 3303 
3260 82 32 
3228 50 32 
3196 18 32 
3178 114 3189 
3147 846 32 
3115 814 32 
3083 782 32 
3051 750 32 
3019 718 32 
2987 686 32 
2955 654 32 
2923 622 32 
2891 590 32 
2859 558 32 
2827 526 32 
2795 494 32 
2763 462 32 
2731 430 32 
2699 398 32 
2667 366 32 
2635 334 32 
2603 302 32 
2571 270 32 
2539 238 32 
2507 206 32 
2475 174 32 
2443 142 32 
2411 110 32 
2379 78 32 
2347 46 32 
2315 14 32 
2301 878 2311 
2270 90 32 
2238 58 32 
2206 26 32 
2180 122 2189 
2149 8 32 
2141 40 2149 
2139 3 2146 
2108 36 32 
2076 4 32 
2072 68 2078 
2041 217 32 
2009 185 32 
1977 153 32 
1945 121 32 
1913 89 32 
1881 57 32 
1849 25 32 
1824 249 1829 
1797 28 1801 
1766 48 32 
1734 16 32 
1718 80 1721 
1687 337 32 
1655 305 32 
1623 273 32 
1591 241 32 
1559 209 32 
1527 177 32 
1495 145 32 
1463 113 32 
1431 81 32 
1399 49 32 
1367 17 32 
1350 369 1352 
1322 29 1324 
1291 31 32 
1260 63 1263 
1238 2488 32 
2456 2456 32 
2424 2424 32 
2392 2392 32 
2360 2360 32 
2328 2328 32 
2296 2296 32 
2264 2264 32 
2232 2232 32 
2200 2200 32 
2168 2168 32 
2136 2136 32 
2104 2104 32 
2072 2072 32 
2040 2040 32 
2008 2008 32 
1976 1976 32 
1944 1944 32 
1912 1912 32 
1880 1880 32 
1848 1848 32 
1816 1816 32 
1784 1784 32 
1752 1752 32 
1720 1720 32 
1688 1688 32 
1656 1656 32 
1624 1624 32 
1592 1592 32 
1560 1560 32 
1528 1528 32 
1496 1496 32 
1464 1464 32 
1432 1432 32 
1400 1400 32 
1368 1368 32 
1336 1336 32 
1304 1304 32 
1272 1272 32 
1240 1240 32 
1208 1208 32 
1176 1176 32 
1144 1144 32 
1112 1112 32 
1080 1080 32 
1048 1048 32 
1016 1016 32 
984 984 32 
952 952 32 
920 920 32 
888 888 32 
856 856 32 
824 824 32 
792 792 32 
760 760 32 
728 728 32 
696 696 32 
664 664 32 
632 632 32 
600 600 32 
568 568 32 
536 536 32 
504 504 32 
472 472 32 
440 440 32 
408 408 32 
376 376 32 
344 344 32 
312 312 32 
280 280 32 
248 248 32 
216 216 32 
184 184 32 
152 152 32 
120 120 32 
88 88 32 
56 56 32 
24 24 32 
