35 4 32 
35 4 32 
1225 4 32 
1270 27 32 
1314 52 32 
1282 20 32 
1333 74 32 
1301 42 32 
1269 10 32 
1537 40 32 
1505 8 32 
1466 146 32 
1434 114 32 
1402 82 32 
1370 50 32 
1338 18 32 
2006 149 32 
1974 117 32 
1942 85 32 
1910 53 32 
1878 21 32 
1826 8 32 
2281 1037 32 
2249 1005 32 
2217 973 32 
2185 941 32 
2153 909 32 
2121 877 32 
2089 845 32 
2091 813 32 
2059 781 32 
2027 749 32 
1995 717 32 
1963 685 32 
1931 653 32 
1899 621 32 
1867 589 32 
1835 557 32 
1803 525 32 
1771 493 32 
1739 461 32 
1707 429 32 
1675 397 32 
1643 365 32 
1611 333 32 
1579 301 32 
1547 269 32 
1515 237 32 
1483 205 32 
1451 173 32 
1419 141 32 
1387 109 32 
1355 77 32 
1323 45 32 
1291 13 32 
795 6 32 
1229 20 32 
1178 17 32 
198 4 32 
731 17 32 
890 38 32 
858 6 32 
1941 357 32 
1960 325 32 
2472 293 32 
2440 261 32 
2408 229 32 
2376 197 32 
2344 165 32 
2312 133 32 
2280 101 32 
2248 69 32 
2216 37 32 
2184 5 32 
3415 101 32 
3383 69 32 
3351 37 32 
3319 5 32 
3260 82 32 
3228 50 32 
3196 18 32 
3147 846 32 
3115 814 32 
3083 782 32 
3051 750 32 
3019 718 32 
2987 686 32 
2955 654 32 
2923 622 32 
2891 590 32 
2859 558 32 
2827 526 32 
2795 494 32 
2763 462 32 
2731 430 32 
2699 398 32 
2667 366 32 
2635 334 32 
2603 302 32 
2571 270 32 
2539 238 32 
2507 206 32 
2475 174 32 
2443 142 32 
2411 110 32 
2379 78 32 
2347 46 32 
2315 14 32 
2270 90 32 
2238 58 32 
2206 26 32 
2149 8 32 
2108 36 32 
2076 4 32 
2041 217 32 
2009 185 32 
1977 153 32 
1945 121 32 
1913 89 32 
1881 57 32 
1849 25 32 
1766 48 32 
1734 16 32 
1687 337 32 
1655 305 32 
1623 273 32 
1591 241 32 
1559 209 32 
1527 177 32 
1495 145 32 
1463 113 32 
1431 81 32 
1399 49 32 
1367 17 32 
1291 31 32 
1238 2488 32 
2456 2456 32 
2424 2424 32 
2392 2392 32 
2360 2360 32 
2328 2328 32 
2296 2296 32 
2264 2264 32 
2232 2232 32 
2200 2200 32 
2168 2168 32 
2136 2136 32 
2104 2104 32 
2072 2072 32 
2040 2040 32 
2008 2008 32 
1976 1976 32 
1944 1944 32 
1912 1912 32 
1880 1880 32 
1848 1848 32 
1816 1816 32 
1784 1784 32 
1752 1752 32 
1720 1720 32 
1688 1688 32 
1656 1656 32 
1624 1624 32 
1592 1592 32 
1560 1560 32 
1528 1528 32 
1496 1496 32 
1464 1464 32 
1432 1432 32 
1400 1400 32 
1368 1368 32 
1336 1336 32 
1304 1304 32 
1272 1272 32 
1240 1240 32 
1208 1208 32 
1176 1176 32 
1144 1144 32 
1112 1112 32 
1080 1080 32 
1048 1048 32 
1016 1016 32 
984 984 32 
952 952 32 
920 920 32 
888 888 32 
856 856 32 
824 824 32 
792 792 32 
760 760 32 
728 728 32 
696 696 32 
664 664 32 
632 632 32 
600 600 32 
568 568 32 
536 536 32 
504 504 32 
472 472 32 
440 440 32 
408 408 32 
376 376 32 
344 344 32 
312 312 32 
280 280 32 
248 248 32 
216 216 32 
184 184 32 
152 152 32 
120 120 32 
88 88 32 
56 56 32 
24 24 32 
35 106 1
35 178 2
35 248 2
35 353 3
35 365 23
35 470 3
35 575 3
35 106 1
35 178 2
35 248 2
35 353 3
35 437 23
35 577 4
35 647 2
35 106 1
35 178 2
35 248 2
35 353 3
35 437 23
35 577 4
35 647 2
35 106 1
35 178 2
35 248 2
35 353 3
35 437 23
35 577 4
35 647 2
35 106 1
35 178 2
35 248 2
35 353 3
35 437 23
35 577 4
35 647 2
35 106 1
35 178 2
35 248 2
35 353 3
35 365 23
35 470 3
35 575 3
35 106 1
35 178 2
35 248 2
35 329 26
35 434 3
35 503 3
35 106 1
35 178 2
35 248 2
35 353 3
35 365 23
35 470 3
35 575 3
35 106 1
35 178 2
35 248 2
35 353 3
35 437 23
35 577 4
35 647 2
35 106 1
35 178 2
35 248 2
35 353 3
35 437 23
35 577 4
35 647 2
35 106 1
35 178 2
35 248 2
35 353 3
35 437 23
35 577 4
35 647 2
35 106 1
35 178 2
35 248 2
35 353 3
35 366 22
35 471 3
35 575 4
35 106 1
35 178 2
35 248 2
35 353 3
35 437 23
35 577 4
35 647 2
35 106 1
35 178 2
35 248 2
35 353 3
35 366 22
35 471 3
35 575 4
35 106 1
35 178 2
35 248 2
35 353 3
35 437 23
35 577 4
35 647 2
35 106 1
35 178 2
35 248 2
35 353 3
35 437 23
35 577 4
35 647 2
35 106 1
35 178 2
35 248 2
35 353 3
35 437 23
35 577 4
35 647 2
35 106 1
35 178 2
35 248 2
35 353 3
35 437 23
35 577 4
35 647 2
35 105 1
35 177 2
35 247 2
35 328 27
35 433 3
35 503 2
35 105 1
35 177 2
35 247 2
35 328 27
35 433 3
35 503 2
35 105 1
35 177 2
35 247 2
35 328 27
35 433 3
35 503 2
35 105 1
35 177 2
35 247 2
35 328 27
35 433 3
35 503 2
35 105 1
35 177 2
35 247 2
35 328 27
35 433 3
35 503 2
35 105 1
35 177 2
35 247 2
35 292 27
35 397 3
35 431 2
35 105 1
35 177 2
35 247 2
35 328 27
35 433 3
35 503 2
35 105 1
35 177 2
35 247 2
35 328 27
35 433 3
35 503 2
35 105 1
35 177 2
35 218 31
35 287 3
35 105 1
35 177 2
35 255 30
35 360 3
35 395 1
35 105 1
35 177 2
35 247 2
35 328 27
35 433 3
35 503 2
35 105 1
35 177 2
35 254 31
35 359 3
35 106 1
35 178 2
35 248 2
35 353 3
35 437 23
35 577 4
35 647 2
35 106 1
35 178 2
35 248 2
35 353 3
35 437 23
35 577 4
35 647 2
35 106 1
35 178 2
35 248 2
35 353 3
35 365 23
35 470 3
35 575 3
35 106 1
35 178 2
35 248 2
35 353 3
35 437 23
35 577 4
35 647 2
35 106 1
35 177 2
35 247 2
35 352 3
35 364 24
35 469 3
35 574 3
35 140 2
35 212 2
35 282 2
35 387 3
35 471 23
35 611 4
35 681 2
35 140 2
35 212 2
35 282 2
35 387 3
35 471 23
35 611 4
35 681 2
35 106 1
35 177 2
35 247 2
35 328 27
35 433 3
35 538 3
35 140 2
35 212 2
35 282 2
35 387 3
35 471 23
35 611 4
35 681 2
35 106 1
35 177 2
35 247 2
35 328 27
35 433 3
35 502 3
35 106 1
35 177 2
35 247 2
35 328 27
35 433 3
35 538 3
35 140 2
35 212 2
35 282 2
35 387 3
35 471 23
35 611 4
35 681 2
35 140 2
35 212 2
35 282 2
35 387 3
35 471 23
35 611 4
35 681 2
35 140 2
35 212 2
35 282 2
35 387 3
35 471 23
35 611 4
35 681 2
35 106 1
35 177 2
35 247 2
35 352 3
35 364 24
35 469 3
35 574 3
35 140 2
35 212 2
35 282 2
35 387 3
35 471 23
35 611 4
35 681 2
35 140 2
35 212 2
35 282 2
35 387 3
35 471 23
35 611 4
35 681 2
35 105 1
35 177 2
35 247 2
35 328 27
35 433 3
35 503 2
35 105 1
35 177 2
35 255 30
35 360 3
35 395 1
34 35 1
35 176 2
35 246 2
35 293 26
35 398 3
35 503 3
34 35 1
35 176 2
35 246 2
35 257 26
35 362 3
35 431 3
72 35 1
34 35 1
35 176 2
35 246 2
35 257 26
35 362 3
35 431 3
72 466 1
144 35 1
72 501 1
179 36 1
108 612 2
247 36 2
143 537 1
481 36 4
515 36 1
35 105 1
35 177 2
35 247 2
35 328 27
35 433 3
35 503 2
35 105 1
35 177 2
35 247 2
35 291 28
35 396 3
35 431 1
35 105 1
35 177 2
35 247 2
35 292 27
35 397 3
35 431 2
35 105 1
35 177 2
35 247 2
35 328 27
35 433 3
35 503 2
35 105 1
35 177 2
35 247 2
35 328 27
35 433 3
35 503 2
35 105 1
35 177 2
35 255 30
35 359 4
34 105 1
73 35 1
35 142 2
35 212 2
35 282 2
35 387 3
35 492 3
35 572 25
109 35 1
35 105 1
35 212 2
35 282 2
35 362 27
35 467 3
178 534 3
35 105 1
35 177 2
35 247 2
35 328 27
35 433 3
35 503 2
35 105 1
35 177 2
35 247 2
35 328 27
35 433 3
35 503 2
35 105 1
35 177 2
35 247 2
35 328 27
35 433 3
35 503 2
35 105 1
35 177 2
35 247 2
35 291 28
35 396 3
35 431 1
35 105 1
35 177 2
35 247 2
35 328 27
35 433 3
35 503 2
35 105 1
35 177 2
35 218 31
35 287 3
35 105 1
35 177 2
35 247 2
35 337 18
35 442 3
35 512 2
35 105 1
35 177 2
35 247 2
35 328 27
35 433 3
35 503 2
35 105 1
35 177 2
35 254 31
35 359 3
34 105 1
39 1 1
39 1 1
39 1 1
39 1 1
39 1 1
39 1 1
39 1 1
39 1 1
39 1 1
39 1 1
39 1 1
39 1 1
39 1 1
39 1 1
39 1 1
39 1 1
39 1 1
39 1 1
39 1 1
39 1 1
39 1 1
39 1 1
39 1 1
39 1 1
39 1 1
39 1 1
39 1 1
39 1 1
39 1 1
39 1 1
39 1 1
39 1 1
73 35 1
110 35 1
182 35 2
254 35 2
362 35 3
470 35 3
614 35 4
794 35 5
1010 35 6
1190 35 5
35 180 3
35 250 2
1207 592 12
1194 999 13
1224 1403 32
1234 1703 32
1247 1739 32
1287 1797 32
1291 1789 32
1295 1776 32
1299 1803 32
1267 1840 32
1271 1892 32
1525 1952 32
1493 1969 32
1497 1988 32
1465 1977 32
1433 1967 32
1401 1955 32
1369 1935 32
1337 1912 32
1343 1926 32
1383 1913 32
1386 1893 32
1389 1953 32
1392 2026 32
1695 2029 32
1663 2044 32
1773 2115 32
2138 2139 32
2106 2166 32
2074 2151 32
2042 2135 32
2010 2216 32
1978 2227 32
1946 2238 32
1948 2247 32
1916 2272 32
1884 2241 32
1852 2210 32
1820 2202 32
1788 2179 32
1756 2167 32
1724 2150 32
1692 2142 32
1661 2121 32
1629 2114 32
1631 2171 32
1599 2140 32
1567 2215 32
1535 2183 32
1537 2151 32
1505 2119 32
1473 2087 32
1441 2055 32
1409 2058 32
1377 2026 32
1345 1994 32
1313 1962 32
1281 1930 32
1283 1933 32
1285 1901 32
1287 1869 32
1346 2209 32
1727 2270 32
1907 2305 32
1907 2351 32
1907 2397 32
1906 2428 32
1906 2460 19
1906 2554 32
1906 2545 32
1904 2571 32
1888 2562 32
1872 2531 32
1855 2501 32
1839 2486 32
1823 2473 32
1808 2441 32
1793 2409 32
1779 2377 32
1762 2345 32
1746 2348 32
1730 2316 32
1714 2298 32
1699 2266 32
1684 2266 32
1668 2309 32
1651 2310 32
1635 2279 32
1617 2247 32
1603 2232 32
1587 2200 32
1572 2183 32
1557 2157 32
1542 2135 32
1526 2119 32
1510 2101 32
1495 2080 32
1479 2049 32
1463 2028 32
1448 1996 32
1434 1964 32
1417 1933 32
1400 1902 32
1384 1870 32
1368 1840 32
1353 1808 32
1338 1785 32
1323 1753 32
1307 1721 32
1290 1690 32
1273 1660 32
1270 1628 32
1270 1596 32
1269 1564 32
1269 1532 32
1267 1500 32
1266 1468 32
1266 1436 32
1265 1404 32
1263 1372 32
1263 1340 32
1263 1308 32
1260 1295 13
74 35 1
74 35 1
74 35 1
112 35 1
112 35 1
74 35 1
74 35 1
112 36 1
112 35 1
186 36 2
186 36 2
186 36 2
186 36 2
261 72 2
327 144 2
360 272 4
74 35 1
74 35 1
74 35 1
74 35 1
112 36 1
112 35 1
112 36 1
149 36 1
112 36 1
149 36 1
222 106 2
74 35 1
74 35 1
74 35 1
112 36 1
112 35 1
149 36 1
187 72 1
112 35 1
149 36 1
74 35 1
74 35 1
112 35 1
112 35 1
39 36 1
74 35 1
112 36 1
150 36 1
39 71 1
39 71 1
39 105 1
187 36 2
224 36 1
39 105 1
187 36 2
257 72 3
74 35 1
74 35 1
74 35 1
112 35 1
40 1 1
40 1 1
74 35 1
74 35 1
112 35 1
114 36 2
151 37 1
225 73 3
301 109 4
365 178 9
435 278 9
469 278 4
613 339 32
648 340 4
262 73 4
781 73 13
39 459 1
224 36 2
261 36 1
40 142 2
78 175 1
361 175 6
738 175 12
326 544 2
852 544 15
1001 673 32
971 792 32
979 815 32
1014 815 3
397 272 2
1265 274 32
1263 274 3
113 994 1
1230 993 32
1199 993 32
1167 993 32
1142 1026 27
35 106 1
35 178 2
35 255 31
35 360 3
35 106 1
35 178 2
35 219 31
35 288 3
35 106 1
35 178 2
35 182 32
35 216 2
35 106 1
35 178 2
35 248 2
35 329 27
35 434 3
35 504 2
35 36 1
35 111 32
35 107 4
35 36 10
35 36 10
35 36 10
35 36 7
35 106 1
35 178 2
35 248 2
35 292 28
35 397 3
35 432 1
35 106 1
35 178 2
35 248 2
35 293 27
35 398 3
35 432 2
35 106 1
35 178 2
35 182 32
35 216 2
35 106 1
35 178 2
35 182 32
35 216 2
35 106 1
35 148 32
35 144 4
35 106 1
35 178 2
35 248 2
35 292 28
35 397 3
35 432 1
35 106 1
35 178 2
35 248 2
35 292 28
35 397 3
35 432 1
35 106 1
35 178 2
35 219 31
35 288 3
35 36 10
35 36 10
35 36 10
35 36 7
35 106 1
35 178 2
35 248 2
35 293 27
35 398 3
35 432 2
35 106 1
35 178 2
35 218 32
35 288 2
35 106 1
35 178 2
35 248 2
35 329 27
35 434 3
35 504 2
35 106 1
35 178 2
35 256 30
35 360 4
35 36 1
35 36 1
35 106 1
35 106 1
35 106 1
35 106 1
35 36 1
35 106 1
35 106 1
35 106 1
35 106 1
35 106 1
35 106 1
35 106 1
35 106 1
35 106 1
35 36 1
35 36 1
35 36 1
35 106 1
35 178 2
35 218 32
35 287 3
35 141 2
35 213 2
35 256 29
35 361 3
35 431 2
35 112 32
35 106 6
35 112 32
35 106 6
35 36 1
35 178 2
35 248 2
35 329 27
35 434 3
35 539 3
35 112 32
35 107 5
35 143 1
35 141 2
35 147 32
35 181 2
35 215 2
35 141 2
35 213 2
35 220 29
35 290 2
35 359 3
35 141 2
35 213 2
35 257 28
35 362 3
35 431 3
35 141 2
35 213 2
35 257 28
35 362 3
35 431 3
35 36 1
35 178 2
35 248 2
35 329 27
35 434 3
35 539 3
35 141 2
35 183 32
35 252 3
35 287 1
35 36 1
35 178 2
35 248 2
35 329 27
35 434 3
35 539 3
35 112 32
35 106 6
35 141 2
35 213 2
35 219 30
35 289 2
35 359 2
35 36 1
35 178 2
35 248 2
35 329 27
35 434 3
35 539 3
35 36 1
35 178 2
35 248 2
35 329 27
35 434 3
35 539 3
35 141 2
35 213 2
35 283 2
35 388 3
35 473 23
35 613 4
35 683 2
35 106 1
35 178 2
35 248 2
35 255 29
35 359 4
35 141 2
35 213 2
35 283 2
35 388 3
35 473 23
35 613 4
35 683 2
35 106 1
35 178 2
35 248 2
35 255 29
35 359 4
35 106 1
35 178 2
35 248 2
35 353 3
35 365 24
35 470 3
35 575 3
35 106 1
35 178 2
35 248 2
35 328 28
35 433 3
35 467 2
35 106 1
35 178 2
35 218 32
35 287 3
35 106 1
35 178 2
35 248 2
35 255 29
35 359 4
35 106 1
35 178 2
35 248 2
35 328 28
35 433 3
35 503 2
35 106 1
35 178 2
35 248 2
35 353 3
35 401 24
35 541 4
35 611 2
35 106 1
35 178 2
35 248 2
35 353 3
35 401 24
35 541 4
35 611 2
35 106 1
35 178 2
35 248 2
35 353 3
35 365 24
35 470 3
35 575 3
35 106 1
35 178 2
35 248 2
35 292 28
35 397 3
35 431 2
35 106 1
35 143 1
74 35 1
35 36 1
35 178 2
35 248 2
35 353 3
35 411 13
35 551 4
84 621 2
121 36 1
158 72 1
121 36 1
158 72 1
121 36 1
158 72 1
121 36 1
158 72 1
121 36 1
158 72 1
121 36 1
195 73 2
35 106 1
107 107 1
229 107 2
303 107 2
451 107 4
524 107 3
35 328 17
35 430 3
35 535 3
493 779 8
593 986 11
587 1028 6
627 1396 32
703 1402 32
887 1413 32
855 1394 32
859 1371 32
1131 1511 25
1476 1708 14
2001 1903 32
1975 2081 32
1943 2271 32
1911 2239 32
1885 2277 32
1859 2317 32
1896 2477 32
1898 2575 32
1866 2543 32
1902 2743 32
1972 2927 32
2008 3096 32
2059 3125 17
2248 3343 32
2280 3414 32
2312 3454 32
2317 3491 32
2303 3516 32
2291 3532 32
2312 3523 32
2313 3557 32
2313 3715 32
2313 3783 32
2313 3767 32
2313 3795 27
2313 3816 32
2313 3865 32
2313 3919 32
2313 3933 32
2313 3919 32
2313 3921 32
2313 3936 32
2313 3937 32
2313 3973 32
2313 3975 32
2313 3944 32
2313 3915 32
2313 3886 32
2313 3857 32
2313 3828 32
2313 3799 32
2313 3767 32
2313 3738 32
2313 3709 32
2313 3680 32
2313 3651 32
2313 3622 32
2313 3593 32
2313 3563 32
2313 3531 32
2313 3502 32
2313 3473 32
2313 3444 32
2313 3415 32
2313 3386 32
2313 3357 32
2305 3376 32
2304 3344 32
2377 3346 22
3349 3317 32
3317 3285 32
3286 3253 32
3254 3221 32
3222 3190 32
3190 3158 32
3159 3151 32
3127 3119 32
3095 3087 32
3063 3059 32
3031 3030 32
2999 3012 32
2967 2982 32
2935 2950 32
2903 2918 32
2871 2886 32
2839 2854 32
2807 2822 32
2775 2795 32
2743 2763 32
2711 2733 32
2679 2701 32
2647 2669 32
2615 2637 32
2583 2605 32
2551 2576 32
2519 2544 32
2487 2512 32
2455 2480 32
2423 2450 32
2391 2418 32
2359 2386 32
2327 2354 32
2296 2323 32
2264 2291 32
2232 2261 32
2200 2229 32
2169 2198 32
2139 2168 32
2107 2136 32
2075 2104 32
2044 2073 32
2012 2041 32
1980 2009 32
1948 1977 32
1916 1945 32
1884 1913 32
1852 1881 32
1821 1850 32
1790 1819 32
1758 1787 32
1726 1755 32
1695 1724 32
1663 1692 32
1631 1660 32
1599 1630 32
1567 1598 32
1535 1566 32
1503 1534 32
1471 1502 32
1439 1470 32
1407 1438 32
1375 1408 32
1344 1378 32
1313 1348 32
1281 1316 32
1260 1291 26
1230 1263 32
1200 1231 32
1172 1199 32
1144 1167 32
1113 1135 32
1083 1103 32
1051 1071 32
1020 1039 32
989 1007 32
957 975 32
926 943 32
895 911 32
866 879 32
834 847 32
802 815 32
770 783 32
738 751 32
707 719 32
675 687 32
643 655 32
612 623 32
580 591 32
549 559 32
518 527 32
488 495 32
457 463 32
426 431 32
396 399 32
364 367 32
332 335 32
300 303 32
269 271 32
237 239 32
205 207 32
174 175 32
142 143 32
111 111 32
106 106 5
1323 102 4
1291 1291 32
1259 1259 32
1227 1227 32
1195 1195 32
1163 1163 32
1131 1131 32
1099 1099 32
1067 1067 32
1035 1035 32
1003 1003 32
971 971 32
939 939 32
907 907 32
875 875 32
843 843 32
811 811 32
779 779 32
747 747 32
715 715 32
683 683 32
651 651 32
619 619 32
587 587 32
555 555 32
523 523 32
491 491 32
459 459 32
427 427 32
395 395 32
363 363 32
331 331 32
299 299 32
267 267 32
235 235 32
203 203 32
171 171 32
139 139 32
107 107 32
75 75 32
43 43 32
11 11 32
0 0 11
